position_id,symbol,direction,open_time_utc,close_time_utc,entry_price,exit_price,profit_sum,net_sum,strategy_id,account_type,sample_type,commission_sum,volume_in,volume_out,account_group,base_lot_detected,source_file,base_lot,target_lot,lot_scale_factor,scaled_profit_sum,scaled_commission_sum,scaled_net_sum,scaled_volume_in,scaled_volume_out,scaled_cumulative_net_sum
742,AUDJPY,BUY,2024-07-02 01:45:00+00:00,2024-07-02 23:45:00+00:00,107.449,107.639,11.27,11.27,3.7.108,DEMO,OOS,0.0,0.1,0.1,DEMO_ACCOUNT,0.1,C:\Users\Leon\Desktop\QUANT\Data_Center\Data\2_Baseline\Trades\Backtest\DEMO_ACCOUNT\OOS\listOfTrades_AUDJPY_78_3.7.108_BUY_M15_OOS.csv,0.1,4.8,47.99999999999999,540.9599999999999,0.0,540.9599999999999,4.8,4.8,540.9599999999999
744,AUDJPY,BUY,2024-07-04 17:15:00+00:00,2024-07-04 23:45:00+00:00,108.376,108.47,5.33,5.33,3.7.108,DEMO,OOS,0.0,0.1,0.1,DEMO_ACCOUNT,0.1,C:\Users\Leon\Desktop\QUANT\Data_Center\Data\2_Baseline\Trades\Backtest\DEMO_ACCOUNT\OOS\listOfTrades_AUDJPY_78_3.7.108_BUY_M15_OOS.csv,0.1,4.8,47.99999999999999,255.83999999999997,0.0,255.83999999999997,4.8,4.8,796.8
746,AUDJPY,BUY,2024-07-08 01:00:00+00:00,2024-07-08 23:45:00+00:00,108.331,108.324,-0.94,-0.94,3.7.108,DEMO,OOS,0.0,0.1,0.1,DEMO_ACCOUNT,0.1,C:\Users\Leon\Desktop\QUANT\Data_Center\Data\2_Baseline\Trades\Backtest\DEMO_ACCOUNT\OOS\listOfTrades_AUDJPY_78_3.7.108_BUY_M15_OOS.csv,0.1,4.8,47.99999999999999,-45.11999999999999,0.0,-45.11999999999999,4.8,4.8,751.68
748,AUDJPY,BUY,2024-07-09 15:45:00+00:00,2024-07-09 23:45:00+00:00,108.455,108.729,16.49,16.49,3.7.108,DEMO,OOS,0.0,0.1,0.1,DEMO_ACCOUNT,0.1,C:\Users\Leon\Desktop\QUANT\Data_Center\Data\2_Baseline\Trades\Backtest\DEMO_ACCOUNT\OOS\listOfTrades_AUDJPY_78_3.7.108_BUY_M15_OOS.csv,0.1,4.8,47.99999999999999,791.5199999999998,0.0,791.5199999999998,4.8,4.8,1543.1999999999998
750,AUDJPY,BUY,2024-07-19 02:15:00+00:00,2024-07-19 23:45:00+00:00,105.439,105.248,-12.63,-12.63,3.7.108,DEMO,OOS,0.0,0.1,0.1,DEMO_ACCOUNT,0.1,C:\Users\Leon\Desktop\QUANT\Data_Center\Data\2_Baseline\Trades\Backtest\DEMO_ACCOUNT\OOS\listOfTrades_AUDJPY_78_3.7.108_BUY_M15_OOS.csv,0.1,4.8,47.99999999999999,-606.2399999999999,0.0,-606.2399999999999,4.8,4.8,936.9599999999999
752,AUDJPY,BUY,2024-07-26 17:30:00+00:00,2024-07-26 23:45:00+00:00,100.701,100.72,0.74,0.74,3.7.108,DEMO,OOS,0.0,0.1,0.1,DEMO_ACCOUNT,0.1,C:\Users\Leon\Desktop\QUANT\Data_Center\Data\2_Baseline\Trades\Backtest\DEMO_ACCOUNT\OOS\listOfTrades_AUDJPY_78_3.7.108_BUY_M15_OOS.csv,0.1,4.8,47.99999999999999,35.519999999999996,0.0,35.519999999999996,4.8,4.8,972.4799999999999
754,AUDJPY,BUY,2024-07-29 05:00:00+00:00,2024-07-29 23:45:00+00:00,100.692,100.876,11.45,11.45,3.7.108,DEMO,OOS,0.0,0.1,0.1,DEMO_ACCOUNT,0.1,C:\Users\Leon\Desktop\QUANT\Data_Center\Data\2_Baseline\Trades\Backtest\DEMO_ACCOUNT\OOS\listOfTrades_AUDJPY_78_3.7.108_BUY_M15_OOS.csv,0.1,4.8,47.99999999999999,549.5999999999999,0.0,549.5999999999999,4.8,4.8,1522.08
756,AUDJPY,BUY,2024-07-30 03:30:00+00:00,2024-07-30 08:21:40+00:00,100.715,101.365,41.54,41.54,3.7.108,DEMO,OOS,0.0,0.1,0.1,DEMO_ACCOUNT,0.1,C:\Users\Leon\Desktop\QUANT\Data_Center\Data\2_Baseline\Trades\Backtest\DEMO_ACCOUNT\OOS\listOfTrades_AUDJPY_78_3.7.108_BUY_M15_OOS.csv,0.1,4.8,47.99999999999999,1993.9199999999996,0.0,1993.9199999999996,4.8,4.8,3515.9999999999995
758,AUDJPY,BUY,2024-08-01 18:45:00+00:00,2024-08-01 21:56:40+00:00,97.752,97.052,-47.3,-47.3,3.7.108,DEMO,OOS,0.0,0.1,0.1,DEMO_ACCOUNT,0.1,C:\Users\Leon\Desktop\QUANT\Data_Center\Data\2_Baseline\Trades\Backtest\DEMO_ACCOUNT\OOS\listOfTrades_AUDJPY_78_3.7.108_BUY_M15_OOS.csv,0.1,4.8,47.99999999999999,-2270.3999999999996,0.0,-2270.3999999999996,4.8,4.8,1245.6
760,AUDJPY,BUY,2024-08-07 00:05:00+00:00,2024-08-07 03:34:40+00:00,94.198,94.848,44.29,44.29,3.7.108,DEMO,OOS,0.0,0.1,0.1,DEMO_ACCOUNT,0.1,C:\Users\Leon\Desktop\QUANT\Data_Center\Data\2_Baseline\Trades\Backtest\DEMO_ACCOUNT\OOS\listOfTrades_AUDJPY_78_3.7.108_BUY_M15_OOS.csv,0.1,4.8,47.99999999999999,2125.9199999999996,0.0,2125.9199999999996,4.8,4.8,3371.5199999999995
762,AUDJPY,BUY,2024-08-08 15:30:00+00:00,2024-08-08 15:30:40+00:00,95.738,96.388,44.0,44.0,3.7.108,DEMO,OOS,0.0,0.1,0.1,DEMO_ACCOUNT,0.1,C:\Users\Leon\Desktop\QUANT\Data_Center\Data\2_Baseline\Trades\Backtest\DEMO_ACCOUNT\OOS\listOfTrades_AUDJPY_78_3.7.108_BUY_M15_OOS.csv,0.1,4.8,47.99999999999999,2111.9999999999995,0.0,2111.9999999999995,4.8,4.8,5483.519999999999
764,AUDJPY,BUY,2024-08-12 19:45:00+00:00,2024-08-12 23:45:00+00:00,97.111,96.954,-11.17,-11.17,3.7.108,DEMO,OOS,0.0,0.1,0.1,DEMO_ACCOUNT,0.1,C:\Users\Leon\Desktop\QUANT\Data_Center\Data\2_Baseline\Trades\Backtest\DEMO_ACCOUNT\OOS\listOfTrades_AUDJPY_78_3.7.108_BUY_M15_OOS.csv,0.1,4.8,47.99999999999999,-536.16,0.0,-536.16,4.8,4.8,4947.359999999999
766,AUDJPY,BUY,2024-08-14 05:30:00+00:00,2024-08-14 10:07:40+00:00,97.135,97.785,43.64,43.64,3.7.108,DEMO,OOS,0.0,0.1,0.1,DEMO_ACCOUNT,0.1,C:\Users\Leon\Desktop\QUANT\Data_Center\Data\2_Baseline\Trades\Backtest\DEMO_ACCOUNT\OOS\listOfTrades_AUDJPY_78_3.7.108_BUY_M15_OOS.csv,0.1,4.8,47.99999999999999,2094.72,0.0,2094.72,4.8,4.8,7042.079999999998
768,AUDJPY,BUY,2024-08-20 04:15:00+00:00,2024-08-20 08:26:40+00:00,98.321,98.971,43.64,43.64,3.7.108,DEMO,OOS,0.0,0.1,0.1,DEMO_ACCOUNT,0.1,C:\Users\Leon\Desktop\QUANT\Data_Center\Data\2_Baseline\Trades\Backtest\DEMO_ACCOUNT\OOS\listOfTrades_AUDJPY_78_3.7.108_BUY_M15_OOS.csv,0.1,4.8,47.99999999999999,2094.72,0.0,2094.72,4.8,4.8,9136.799999999997
770,AUDJPY,BUY,2024-08-21 16:30:00+00:00,2024-08-21 17:00:40+00:00,98.195,98.845,44.1,44.1,3.7.108,DEMO,OOS,0.0,0.1,0.1,DEMO_ACCOUNT,0.1,C:\Users\Leon\Desktop\QUANT\Data_Center\Data\2_Baseline\Trades\Backtest\DEMO_ACCOUNT\OOS\listOfTrades_AUDJPY_78_3.7.108_BUY_M15_OOS.csv,0.1,4.8,47.99999999999999,2116.7999999999997,0.0,2116.7999999999997,4.8,4.8,11253.599999999997
772,AUDJPY,BUY,2024-08-22 18:45:00+00:00,2024-08-22 23:45:00+00:00,97.825,98.064,15.84,15.84,3.7.108,DEMO,OOS,0.0,0.1,0.1,DEMO_ACCOUNT,0.1,C:\Users\Leon\Desktop\QUANT\Data_Center\Data\2_Baseline\Trades\Backtest\DEMO_ACCOUNT\OOS\listOfTrades_AUDJPY_78_3.7.108_BUY_M15_OOS.csv,0.1,4.8,47.99999999999999,760.3199999999999,0.0,760.3199999999999,4.8,4.8,12013.919999999996
774,AUDJPY,BUY,2024-08-23 19:45:00+00:00,2024-08-23 23:45:00+00:00,98.175,98.04,-9.86,-9.86,3.7.108,DEMO,OOS,0.0,0.1,0.1,DEMO_ACCOUNT,0.1,C:\Users\Leon\Desktop\QUANT\Data_Center\Data\2_Baseline\Trades\Backtest\DEMO_ACCOUNT\OOS\listOfTrades_AUDJPY_78_3.7.108_BUY_M15_OOS.csv,0.1,4.8,47.99999999999999,-473.2799999999999,0.0,-473.2799999999999,4.8,4.8,11540.639999999996
776,AUDJPY,BUY,2024-08-27 01:30:00+00:00,2024-08-27 23:45:00+00:00,97.775,97.78,-0.15,-0.15,3.7.108,DEMO,OOS,0.0,0.1,0.1,DEMO_ACCOUNT,0.1,C:\Users\Leon\Desktop\QUANT\Data_Center\Data\2_Baseline\Trades\Backtest\DEMO_ACCOUNT\OOS\listOfTrades_AUDJPY_78_3.7.108_BUY_M15_OOS.csv,0.1,4.8,47.99999999999999,-7.199999999999998,0.0,-7.199999999999998,4.8,4.8,11533.439999999995
778,AUDJPY,BUY,2024-08-28 19:00:00+00:00,2024-08-28 23:45:00+00:00,97.967,98.126,10.49,10.49,3.7.108,DEMO,OOS,0.0,0.1,0.1,DEMO_ACCOUNT,0.1,C:\Users\Leon\Desktop\QUANT\Data_Center\Data\2_Baseline\Trades\Backtest\DEMO_ACCOUNT\OOS\listOfTrades_AUDJPY_78_3.7.108_BUY_M15_OOS.csv,0.1,4.8,47.99999999999999,503.5199999999999,0.0,503.5199999999999,4.8,4.8,12036.959999999995
780,AUDJPY,BUY,2024-08-29 01:00:00+00:00,2024-08-29 10:34:40+00:00,97.99,98.64,44.4,44.4,3.7.108,DEMO,OOS,0.0,0.1,0.1,DEMO_ACCOUNT,0.1,C:\Users\Leon\Desktop\QUANT\Data_Center\Data\2_Baseline\Trades\Backtest\DEMO_ACCOUNT\OOS\listOfTrades_AUDJPY_78_3.7.108_BUY_M15_OOS.csv,0.1,4.8,47.99999999999999,2131.2,0.0,2131.2,4.8,4.8,14168.159999999996
782,AUDJPY,BUY,2024-08-30 18:45:00+00:00,2024-08-30 23:45:00+00:00,98.621,98.934,20.91,20.91,3.7.108,DEMO,OOS,0.0,0.1,0.1,DEMO_ACCOUNT,0.1,C:\Users\Leon\Desktop\QUANT\Data_Center\Data\2_Baseline\Trades\Backtest\DEMO_ACCOUNT\OOS\listOfTrades_AUDJPY_78_3.7.108_BUY_M15_OOS.csv,0.1,4.8,47.99999999999999,1003.6799999999998,0.0,1003.6799999999998,4.8,4.8,15171.839999999997
784,AUDJPY,BUY,2024-09-02 05:45:00+00:00,2024-09-02 11:09:40+00:00,98.786,99.436,43.85,43.85,3.7.108,DEMO,OOS,0.0,0.1,0.1,DEMO_ACCOUNT,0.1,C:\Users\Leon\Desktop\QUANT\Data_Center\Data\2_Baseline\Trades\Backtest\DEMO_ACCOUNT\OOS\listOfTrades_AUDJPY_78_3.7.108_BUY_M15_OOS.csv,0.1,4.8,47.99999999999999,2104.7999999999997,0.0,2104.7999999999997,4.8,4.8,17276.639999999996
786,AUDJPY,BUY,2024-09-03 02:45:00+00:00,2024-09-03 06:48:40+00:00,99.6,98.9,-48.26,-48.26,3.7.108,DEMO,OOS,0.0,0.1,0.1,DEMO_ACCOUNT,0.1,C:\Users\Leon\Desktop\QUANT\Data_Center\Data\2_Baseline\Trades\Backtest\DEMO_ACCOUNT\OOS\listOfTrades_AUDJPY_78_3.7.108_BUY_M15_OOS.csv,0.1,4.8,47.99999999999999,-2316.4799999999996,0.0,-2316.4799999999996,4.8,4.8,14960.159999999996
788,AUDJPY,BUY,2024-09-06 17:45:00+00:00,2024-09-06 23:45:00+00:00,95.431,94.862,-40.5,-40.5,3.7.108,DEMO,OOS,0.0,0.1,0.1,DEMO_ACCOUNT,0.1,C:\Users\Leon\Desktop\QUANT\Data_Center\Data\2_Baseline\Trades\Backtest\DEMO_ACCOUNT\OOS\listOfTrades_AUDJPY_78_3.7.108_BUY_M15_OOS.csv,0.1,4.8,47.99999999999999,-1943.9999999999998,0.0,-1943.9999999999998,4.8,4.8,13016.159999999996
790,AUDJPY,BUY,2024-09-09 16:00:00+00:00,2024-09-09 23:45:00+00:00,95.277,95.35,4.6,4.6,3.7.108,DEMO,OOS,0.0,0.1,0.1,DEMO_ACCOUNT,0.1,C:\Users\Leon\Desktop\QUANT\Data_Center\Data\2_Baseline\Trades\Backtest\DEMO_ACCOUNT\OOS\listOfTrades_AUDJPY_78_3.7.108_BUY_M15_OOS.csv,0.1,4.8,47.99999999999999,220.79999999999995,0.0,220.79999999999995,4.8,4.8,13236.959999999995
792,AUDJPY,BUY,2024-09-11 17:30:00+00:00,2024-09-11 19:05:40+00:00,93.789,94.439,45.32,45.32,3.7.108,DEMO,OOS,0.0,0.1,0.1,DEMO_ACCOUNT,0.1,C:\Users\Leon\Desktop\QUANT\Data_Center\Data\2_Baseline\Trades\Backtest\DEMO_ACCOUNT\OOS\listOfTrades_AUDJPY_78_3.7.108_BUY_M15_OOS.csv,0.1,4.8,47.99999999999999,2175.3599999999997,0.0,2175.3599999999997,4.8,4.8,15412.319999999996
794,AUDJPY,BUY,2024-09-13 00:45:30+00:00,2024-09-13 05:38:40+00:00,95.368,94.668,-50.2,-50.2,3.7.108,DEMO,OOS,0.0,0.1,0.1,DEMO_ACCOUNT,0.1,C:\Users\Leon\Desktop\QUANT\Data_Center\Data\2_Baseline\Trades\Backtest\DEMO_ACCOUNT\OOS\listOfTrades_AUDJPY_78_3.7.108_BUY_M15_OOS.csv,0.1,4.8,47.99999999999999,-2409.6,0.0,-2409.6,4.8,4.8,13002.719999999996
796,AUDJPY,BUY,2024-09-17 04:30:00+00:00,2024-09-17 16:46:40+00:00,94.777,95.427,45.49,45.49,3.7.108,DEMO,OOS,0.0,0.1,0.1,DEMO_ACCOUNT,0.1,C:\Users\Leon\Desktop\QUANT\Data_Center\Data\2_Baseline\Trades\Backtest\DEMO_ACCOUNT\OOS\listOfTrades_AUDJPY_78_3.7.108_BUY_M15_OOS.csv,0.1,4.8,47.99999999999999,2183.52,0.0,2183.52,4.8,4.8,15186.239999999996
798,AUDJPY,BUY,2024-09-18 04:45:00+00:00,2024-09-18 23:45:00+00:00,95.797,96.205,28.17,28.17,3.7.108,DEMO,OOS,0.0,0.1,0.1,DEMO_ACCOUNT,0.1,C:\Users\Leon\Desktop\QUANT\Data_Center\Data\2_Baseline\Trades\Backtest\DEMO_ACCOUNT\OOS\listOfTrades_AUDJPY_78_3.7.108_BUY_M15_OOS.csv,0.1,4.8,47.99999999999999,1352.1599999999999,0.0,1352.1599999999999,4.8,4.8,16538.399999999994
800,AUDJPY,BUY,2024-09-19 18:00:00+00:00,2024-09-19 23:45:00+00:00,97.253,97.181,-5.55,-5.55,3.7.108,DEMO,OOS,0.0,0.1,0.1,DEMO_ACCOUNT,0.1,C:\Users\Leon\Desktop\QUANT\Data_Center\Data\2_Baseline\Trades\Backtest\DEMO_ACCOUNT\OOS\listOfTrades_AUDJPY_78_3.7.108_BUY_M15_OOS.csv,0.1,4.8,47.99999999999999,-266.4,0.0,-266.4,4.8,4.8,16271.999999999995
802,AUDJPY,BUY,2024-09-23 00:15:00+00:00,2024-09-23 17:01:40+00:00,97.992,98.642,44.59,44.59,3.7.108,DEMO,OOS,0.0,0.1,0.1,DEMO_ACCOUNT,0.1,C:\Users\Leon\Desktop\QUANT\Data_Center\Data\2_Baseline\Trades\Backtest\DEMO_ACCOUNT\OOS\listOfTrades_AUDJPY_78_3.7.108_BUY_M15_OOS.csv,0.1,4.8,47.99999999999999,2140.3199999999997,0.0,2140.3199999999997,4.8,4.8,18412.319999999992
804,AUDJPY,BUY,2024-09-24 22:30:00+00:00,2024-09-24 23:45:00+00:00,98.69,98.664,-2.32,-2.32,3.7.108,DEMO,OOS,0.0,0.1,0.1,DEMO_ACCOUNT,0.1,C:\Users\Leon\Desktop\QUANT\Data_Center\Data\2_Baseline\Trades\Backtest\DEMO_ACCOUNT\OOS\listOfTrades_AUDJPY_78_3.7.108_BUY_M15_OOS.csv,0.1,4.8,47.99999999999999,-111.35999999999997,0.0,-111.35999999999997,4.8,4.8,18300.959999999992
806,AUDJPY,BUY,2024-09-25 18:30:00+00:00,2024-09-25 23:45:00+00:00,98.992,98.782,-15.0,-15.0,3.7.108,DEMO,OOS,0.0,0.1,0.1,DEMO_ACCOUNT,0.1,C:\Users\Leon\Desktop\QUANT\Data_Center\Data\2_Baseline\Trades\Backtest\DEMO_ACCOUNT\OOS\listOfTrades_AUDJPY_78_3.7.108_BUY_M15_OOS.csv,0.1,4.8,47.99999999999999,-719.9999999999999,0.0,-719.9999999999999,4.8,4.8,17580.959999999992
808,AUDJPY,BUY,2024-10-03 20:15:00+00:00,2024-10-03 23:45:00+00:00,100.392,100.472,4.95,4.95,3.7.108,DEMO,OOS,0.0,0.1,0.1,DEMO_ACCOUNT,0.1,C:\Users\Leon\Desktop\QUANT\Data_Center\Data\2_Baseline\Trades\Backtest\DEMO_ACCOUNT\OOS\listOfTrades_AUDJPY_78_3.7.108_BUY_M15_OOS.csv,0.1,4.8,47.99999999999999,237.59999999999997,0.0,237.59999999999997,4.8,4.8,17818.55999999999
810,AUDJPY,BUY,2024-10-04 00:30:00+00:00,2024-10-04 19:39:40+00:00,100.527,101.177,43.14,43.14,3.7.108,DEMO,OOS,0.0,0.1,0.1,DEMO_ACCOUNT,0.1,C:\Users\Leon\Desktop\QUANT\Data_Center\Data\2_Baseline\Trades\Backtest\DEMO_ACCOUNT\OOS\listOfTrades_AUDJPY_78_3.7.108_BUY_M15_OOS.csv,0.1,4.8,47.99999999999999,2070.72,0.0,2070.72,4.8,4.8,19889.27999999999
812,AUDJPY,BUY,2024-10-07 04:15:00+00:00,2024-10-07 17:32:40+00:00,100.954,100.254,-47.74,-47.74,3.7.108,DEMO,OOS,0.0,0.1,0.1,DEMO_ACCOUNT,0.1,C:\Users\Leon\Desktop\QUANT\Data_Center\Data\2_Baseline\Trades\Backtest\DEMO_ACCOUNT\OOS\listOfTrades_AUDJPY_78_3.7.108_BUY_M15_OOS.csv,0.1,4.8,47.99999999999999,-2291.52,0.0,-2291.52,4.8,4.8,17597.75999999999
814,AUDJPY,BUY,2024-10-09 03:15:00+00:00,2024-10-09 08:06:20+00:00,99.732,100.382,43.27,43.27,3.7.108,DEMO,OOS,0.0,0.1,0.1,DEMO_ACCOUNT,0.1,C:\Users\Leon\Desktop\QUANT\Data_Center\Data\2_Baseline\Trades\Backtest\DEMO_ACCOUNT\OOS\listOfTrades_AUDJPY_78_3.7.108_BUY_M15_OOS.csv,0.1,4.8,47.99999999999999,2076.96,0.0,2076.96,4.8,4.8,19674.71999999999
816,AUDJPY,BUY,2024-10-10 03:15:00+00:00,2024-10-10 23:45:00+00:00,100.139,100.118,-1.91,-1.91,3.7.108,DEMO,OOS,0.0,0.1,0.1,DEMO_ACCOUNT,0.1,C:\Users\Leon\Desktop\QUANT\Data_Center\Data\2_Baseline\Trades\Backtest\DEMO_ACCOUNT\OOS\listOfTrades_AUDJPY_78_3.7.108_BUY_M15_OOS.csv,0.1,4.8,47.99999999999999,-91.67999999999998,0.0,-91.67999999999998,4.8,4.8,19583.03999999999
818,AUDJPY,BUY,2024-10-14 00:45:00+00:00,2024-10-14 23:45:00+00:00,100.604,100.662,3.37,3.37,3.7.108,DEMO,OOS,0.0,0.1,0.1,DEMO_ACCOUNT,0.1,C:\Users\Leon\Desktop\QUANT\Data_Center\Data\2_Baseline\Trades\Backtest\DEMO_ACCOUNT\OOS\listOfTrades_AUDJPY_78_3.7.108_BUY_M15_OOS.csv,0.1,4.8,47.99999999999999,161.76,0.0,161.76,4.8,4.8,19744.79999999999
820,AUDJPY,BUY,2024-10-15 00:30:00+00:00,2024-10-15 10:19:40+00:00,100.789,100.089,-47.41,-47.41,3.7.108,DEMO,OOS,0.0,0.1,0.1,DEMO_ACCOUNT,0.1,C:\Users\Leon\Desktop\QUANT\Data_Center\Data\2_Baseline\Trades\Backtest\DEMO_ACCOUNT\OOS\listOfTrades_AUDJPY_78_3.7.108_BUY_M15_OOS.csv,0.1,4.8,47.99999999999999,-2275.6799999999994,0.0,-2275.6799999999994,4.8,4.8,17469.119999999988
822,AUDJPY,BUY,2024-10-18 17:00:00+00:00,2024-10-18 23:45:00+00:00,100.481,100.256,-15.55,-15.55,3.7.108,DEMO,OOS,0.0,0.1,0.1,DEMO_ACCOUNT,0.1,C:\Users\Leon\Desktop\QUANT\Data_Center\Data\2_Baseline\Trades\Backtest\DEMO_ACCOUNT\OOS\listOfTrades_AUDJPY_78_3.7.108_BUY_M15_OOS.csv,0.1,4.8,47.99999999999999,-746.4,0.0,-746.4,4.8,4.8,16722.719999999987
824,AUDJPY,BUY,2024-10-21 03:30:00+00:00,2024-10-21 23:45:00+00:00,100.177,100.424,15.88,15.88,3.7.108,DEMO,OOS,0.0,0.1,0.1,DEMO_ACCOUNT,0.1,C:\Users\Leon\Desktop\QUANT\Data_Center\Data\2_Baseline\Trades\Backtest\DEMO_ACCOUNT\OOS\listOfTrades_AUDJPY_78_3.7.108_BUY_M15_OOS.csv,0.1,4.8,47.99999999999999,762.2399999999999,0.0,762.2399999999999,4.8,4.8,17484.95999999999
826,AUDJPY,BUY,2024-10-22 02:00:00+00:00,2024-10-22 06:41:40+00:00,100.251,100.901,42.56,42.56,3.7.108,DEMO,OOS,0.0,0.1,0.1,DEMO_ACCOUNT,0.1,C:\Users\Leon\Desktop\QUANT\Data_Center\Data\2_Baseline\Trades\Backtest\DEMO_ACCOUNT\OOS\listOfTrades_AUDJPY_78_3.7.108_BUY_M15_OOS.csv,0.1,4.8,47.99999999999999,2042.8799999999999,0.0,2042.8799999999999,4.8,4.8,19527.83999999999
828,AUDJPY,BUY,2024-10-23 18:15:00+00:00,2024-10-23 23:45:00+00:00,101.429,101.324,-7.38,-7.38,3.7.108,DEMO,OOS,0.0,0.1,0.1,DEMO_ACCOUNT,0.1,C:\Users\Leon\Desktop\QUANT\Data_Center\Data\2_Baseline\Trades\Backtest\DEMO_ACCOUNT\OOS\listOfTrades_AUDJPY_78_3.7.108_BUY_M15_OOS.csv,0.1,4.8,47.99999999999999,-354.23999999999995,0.0,-354.23999999999995,4.8,4.8,19173.599999999988
830,AUDJPY,BUY,2024-10-24 02:45:00+00:00,2024-10-24 18:50:40+00:00,101.297,100.597,-46.59,-46.59,3.7.108,DEMO,OOS,0.0,0.1,0.1,DEMO_ACCOUNT,0.1,C:\Users\Leon\Desktop\QUANT\Data_Center\Data\2_Baseline\Trades\Backtest\DEMO_ACCOUNT\OOS\listOfTrades_AUDJPY_78_3.7.108_BUY_M15_OOS.csv,0.1,4.8,47.99999999999999,-2236.3199999999997,0.0,-2236.3199999999997,4.8,4.8,16937.279999999988
832,AUDJPY,BUY,2024-10-25 19:30:00+00:00,2024-10-25 23:45:00+00:00,100.708,100.587,-8.44,-8.44,3.7.108,DEMO,OOS,0.0,0.1,0.1,DEMO_ACCOUNT,0.1,C:\Users\Leon\Desktop\QUANT\Data_Center\Data\2_Baseline\Trades\Backtest\DEMO_ACCOUNT\OOS\listOfTrades_AUDJPY_78_3.7.108_BUY_M15_OOS.csv,0.1,4.8,47.99999999999999,-405.1199999999999,0.0,-405.1199999999999,4.8,4.8,16532.15999999999
834,AUDJPY,BUY,2024-10-29 17:45:00+00:00,2024-10-29 23:45:00+00:00,100.66,100.583,-5.52,-5.52,3.7.108,DEMO,OOS,0.0,0.1,0.1,DEMO_ACCOUNT,0.1,C:\Users\Leon\Desktop\QUANT\Data_Center\Data\2_Baseline\Trades\Backtest\DEMO_ACCOUNT\OOS\listOfTrades_AUDJPY_78_3.7.108_BUY_M15_OOS.csv,0.1,4.8,47.99999999999999,-264.9599999999999,0.0,-264.9599999999999,4.8,4.8,16267.19999999999
836,AUDJPY,BUY,2024-10-31 01:15:00+00:00,2024-10-31 09:51:40+00:00,100.726,100.026,-46.51,-46.51,3.7.108,DEMO,OOS,0.0,0.1,0.1,DEMO_ACCOUNT,0.1,C:\Users\Leon\Desktop\QUANT\Data_Center\Data\2_Baseline\Trades\Backtest\DEMO_ACCOUNT\OOS\listOfTrades_AUDJPY_78_3.7.108_BUY_M15_OOS.csv,0.1,4.8,47.99999999999999,-2232.4799999999996,0.0,-2232.4799999999996,4.8,4.8,14034.71999999999
838,AUDJPY,BUY,2024-11-01 16:15:00+00:00,2024-11-01 23:45:00+00:00,100.077,100.323,15.58,15.58,3.7.108,DEMO,OOS,0.0,0.1,0.1,DEMO_ACCOUNT,0.1,C:\Users\Leon\Desktop\QUANT\Data_Center\Data\2_Baseline\Trades\Backtest\DEMO_ACCOUNT\OOS\listOfTrades_AUDJPY_78_3.7.108_BUY_M15_OOS.csv,0.1,4.8,47.99999999999999,747.8399999999999,0.0,747.8399999999999,4.8,4.8,14782.55999999999
840,AUDJPY,BUY,2024-11-04 02:30:00+00:00,2024-11-04 23:45:00+00:00,100.227,100.175,-3.92,-3.92,3.7.108,DEMO,OOS,0.0,0.1,0.1,DEMO_ACCOUNT,0.1,C:\Users\Leon\Desktop\QUANT\Data_Center\Data\2_Baseline\Trades\Backtest\DEMO_ACCOUNT\OOS\listOfTrades_AUDJPY_78_3.7.108_BUY_M15_OOS.csv,0.1,4.8,47.99999999999999,-188.15999999999997,0.0,-188.15999999999997,4.8,4.8,14594.39999999999
842,AUDJPY,BUY,2024-11-05 19:30:00+00:00,2024-11-05 23:45:00+00:00,100.59,100.605,0.49,0.49,3.7.108,DEMO,OOS,0.0,0.1,0.1,DEMO_ACCOUNT,0.1,C:\Users\Leon\Desktop\QUANT\Data_Center\Data\2_Baseline\Trades\Backtest\DEMO_ACCOUNT\OOS\listOfTrades_AUDJPY_78_3.7.108_BUY_M15_OOS.csv,0.1,4.8,47.99999999999999,23.519999999999996,0.0,23.519999999999996,4.8,4.8,14617.919999999991
844,AUDJPY,BUY,2024-11-07 01:30:00+00:00,2024-11-07 04:58:40+00:00,101.485,102.135,41.58,41.58,3.7.108,DEMO,OOS,0.0,0.1,0.1,DEMO_ACCOUNT,0.1,C:\Users\Leon\Desktop\QUANT\Data_Center\Data\2_Baseline\Trades\Backtest\DEMO_ACCOUNT\OOS\listOfTrades_AUDJPY_78_3.7.108_BUY_M15_OOS.csv,0.1,4.8,47.99999999999999,1995.8399999999997,0.0,1995.8399999999997,4.8,4.8,16613.75999999999
846,AUDJPY,BUY,2024-11-08 04:00:00+00:00,2024-11-08 10:05:40+00:00,101.982,101.282,-46.38,-46.38,3.7.108,DEMO,OOS,0.0,0.1,0.1,DEMO_ACCOUNT,0.1,C:\Users\Leon\Desktop\QUANT\Data_Center\Data\2_Baseline\Trades\Backtest\DEMO_ACCOUNT\OOS\listOfTrades_AUDJPY_78_3.7.108_BUY_M15_OOS.csv,0.1,4.8,47.99999999999999,-2226.24,0.0,-2226.24,4.8,4.8,14387.519999999991
848,AUDJPY,BUY,2024-11-11 16:30:00+00:00,2024-11-11 23:45:00+00:00,101.095,101.03,-4.73,-4.73,3.7.108,DEMO,OOS,0.0,0.1,0.1,DEMO_ACCOUNT,0.1,C:\Users\Leon\Desktop\QUANT\Data_Center\Data\2_Baseline\Trades\Backtest\DEMO_ACCOUNT\OOS\listOfTrades_AUDJPY_78_3.7.108_BUY_M15_OOS.csv,0.1,4.8,47.99999999999999,-227.04,0.0,-227.04,4.8,4.8,14160.47999999999
850,AUDJPY,BUY,2024-11-12 04:30:00+00:00,2024-11-12 23:45:00+00:00,100.959,101.023,3.64,3.64,3.7.108,DEMO,OOS,0.0,0.1,0.1,DEMO_ACCOUNT,0.1,C:\Users\Leon\Desktop\QUANT\Data_Center\Data\2_Baseline\Trades\Backtest\DEMO_ACCOUNT\OOS\listOfTrades_AUDJPY_78_3.7.108_BUY_M15_OOS.csv,0.1,4.8,47.99999999999999,174.71999999999997,0.0,174.71999999999997,4.8,4.8,14335.19999999999
852,AUDJPY,BUY,2024-11-13 01:15:00+00:00,2024-11-13 23:45:00+00:00,100.873,100.861,-1.27,-1.27,3.7.108,DEMO,OOS,0.0,0.1,0.1,DEMO_ACCOUNT,0.1,C:\Users\Leon\Desktop\QUANT\Data_Center\Data\2_Baseline\Trades\Backtest\DEMO_ACCOUNT\OOS\listOfTrades_AUDJPY_78_3.7.108_BUY_M15_OOS.csv,0.1,4.8,47.99999999999999,-60.959999999999994,0.0,-60.959999999999994,4.8,4.8,14274.23999999999
854,AUDJPY,BUY,2024-11-19 02:30:00+00:00,2024-11-19 10:42:20+00:00,100.373,99.673,-46.14,-46.14,3.7.108,DEMO,OOS,0.0,0.1,0.1,DEMO_ACCOUNT,0.1,C:\Users\Leon\Desktop\QUANT\Data_Center\Data\2_Baseline\Trades\Backtest\DEMO_ACCOUNT\OOS\listOfTrades_AUDJPY_78_3.7.108_BUY_M15_OOS.csv,0.1,4.8,47.99999999999999,-2214.72,0.0,-2214.72,4.8,4.8,12059.519999999991
856,AUDJPY,BUY,2024-11-20 15:15:00+00:00,2024-11-20 17:20:40+00:00,101.317,100.617,-45.59,-45.59,3.7.108,DEMO,OOS,0.0,0.1,0.1,DEMO_ACCOUNT,0.1,C:\Users\Leon\Desktop\QUANT\Data_Center\Data\2_Baseline\Trades\Backtest\DEMO_ACCOUNT\OOS\listOfTrades_AUDJPY_78_3.7.108_BUY_M15_OOS.csv,0.1,4.8,47.99999999999999,-2188.3199999999997,0.0,-2188.3199999999997,4.8,4.8,9871.199999999992
858,AUDJPY,BUY,2024-11-21 02:45:00+00:00,2024-11-21 23:45:00+00:00,100.928,100.572,-23.54,-23.54,3.7.108,DEMO,OOS,0.0,0.1,0.1,DEMO_ACCOUNT,0.1,C:\Users\Leon\Desktop\QUANT\Data_Center\Data\2_Baseline\Trades\Backtest\DEMO_ACCOUNT\OOS\listOfTrades_AUDJPY_78_3.7.108_BUY_M15_OOS.csv,0.1,4.8,47.99999999999999,-1129.9199999999998,0.0,-1129.9199999999998,4.8,4.8,8741.279999999992
860,AUDJPY,BUY,2024-11-25 04:15:00+00:00,2024-11-25 23:45:00+00:00,100.444,100.281,-11.07,-11.07,3.7.108,DEMO,OOS,0.0,0.1,0.1,DEMO_ACCOUNT,0.1,C:\Users\Leon\Desktop\QUANT\Data_Center\Data\2_Baseline\Trades\Backtest\DEMO_ACCOUNT\OOS\listOfTrades_AUDJPY_78_3.7.108_BUY_M15_OOS.csv,0.1,4.8,47.99999999999999,-531.3599999999999,0.0,-531.3599999999999,4.8,4.8,8209.919999999991
862,AUDJPY,BUY,2024-11-28 17:00:00+00:00,2024-11-28 23:45:00+00:00,98.505,98.48,-2.15,-2.15,3.7.108,DEMO,OOS,0.0,0.1,0.1,DEMO_ACCOUNT,0.1,C:\Users\Leon\Desktop\QUANT\Data_Center\Data\2_Baseline\Trades\Backtest\DEMO_ACCOUNT\OOS\listOfTrades_AUDJPY_78_3.7.108_BUY_M15_OOS.csv,0.1,4.8,47.99999999999999,-103.19999999999997,0.0,-103.19999999999997,4.8,4.8,8106.719999999991
864,AUDJPY,BUY,2024-12-05 18:45:00+00:00,2024-12-05 23:45:00+00:00,96.596,96.777,11.56,11.56,3.7.108,DEMO,OOS,0.0,0.1,0.1,DEMO_ACCOUNT,0.1,C:\Users\Leon\Desktop\QUANT\Data_Center\Data\2_Baseline\Trades\Backtest\DEMO_ACCOUNT\OOS\listOfTrades_AUDJPY_78_3.7.108_BUY_M15_OOS.csv,0.1,4.8,47.99999999999999,554.88,0.0,554.88,4.8,4.8,8661.599999999991
866,AUDJPY,BUY,2024-12-06 03:15:00+00:00,2024-12-06 16:27:40+00:00,96.682,95.982,-47.32,-47.32,3.7.108,DEMO,OOS,0.0,0.1,0.1,DEMO_ACCOUNT,0.1,C:\Users\Leon\Desktop\QUANT\Data_Center\Data\2_Baseline\Trades\Backtest\DEMO_ACCOUNT\OOS\listOfTrades_AUDJPY_78_3.7.108_BUY_M15_OOS.csv,0.1,4.8,47.99999999999999,-2271.3599999999997,0.0,-2271.3599999999997,4.8,4.8,6390.239999999992
868,AUDJPY,BUY,2024-12-09 23:30:00+00:00,2024-12-09 23:45:00+00:00,97.373,97.321,-3.94,-3.94,3.7.108,DEMO,OOS,0.0,0.1,0.1,DEMO_ACCOUNT,0.1,C:\Users\Leon\Desktop\QUANT\Data_Center\Data\2_Baseline\Trades\Backtest\DEMO_ACCOUNT\OOS\listOfTrades_AUDJPY_78_3.7.108_BUY_M15_OOS.csv,0.1,4.8,47.99999999999999,-189.11999999999998,0.0,-189.11999999999998,4.8,4.8,6201.119999999992
870,AUDJPY,BUY,2024-12-10 02:30:00+00:00,2024-12-10 05:30:40+00:00,97.314,96.614,-46.81,-46.81,3.7.108,DEMO,OOS,0.0,0.1,0.1,DEMO_ACCOUNT,0.1,C:\Users\Leon\Desktop\QUANT\Data_Center\Data\2_Baseline\Trades\Backtest\DEMO_ACCOUNT\OOS\listOfTrades_AUDJPY_78_3.7.108_BUY_M15_OOS.csv,0.1,4.8,47.99999999999999,-2246.8799999999997,0.0,-2246.8799999999997,4.8,4.8,3954.239999999992
872,AUDJPY,BUY,2024-12-13 22:45:00+00:00,2024-12-13 23:45:00+00:00,97.679,97.676,-0.7,-0.7,3.7.108,DEMO,OOS,0.0,0.1,0.1,DEMO_ACCOUNT,0.1,C:\Users\Leon\Desktop\QUANT\Data_Center\Data\2_Baseline\Trades\Backtest\DEMO_ACCOUNT\OOS\listOfTrades_AUDJPY_78_3.7.108_BUY_M15_OOS.csv,0.1,4.8,47.99999999999999,-33.599999999999994,0.0,-33.599999999999994,4.8,4.8,3920.639999999992
874,AUDJPY,BUY,2024-12-17 04:30:00+00:00,2024-12-17 17:00:40+00:00,98.054,97.354,-46.09,-46.09,3.7.108,DEMO,OOS,0.0,0.1,0.1,DEMO_ACCOUNT,0.1,C:\Users\Leon\Desktop\QUANT\Data_Center\Data\2_Baseline\Trades\Backtest\DEMO_ACCOUNT\OOS\listOfTrades_AUDJPY_78_3.7.108_BUY_M15_OOS.csv,0.1,4.8,47.99999999999999,-2212.3199999999997,0.0,-2212.3199999999997,4.8,4.8,1708.3199999999924
876,AUDJPY,BUY,2024-12-19 23:15:00+00:00,2024-12-19 23:45:00+00:00,98.151,98.199,2.55,2.55,3.7.108,DEMO,OOS,0.0,0.1,0.1,DEMO_ACCOUNT,0.1,C:\Users\Leon\Desktop\QUANT\Data_Center\Data\2_Baseline\Trades\Backtest\DEMO_ACCOUNT\OOS\listOfTrades_AUDJPY_78_3.7.108_BUY_M15_OOS.csv,0.1,4.8,47.99999999999999,122.39999999999998,0.0,122.39999999999998,4.8,4.8,1830.7199999999925
878,AUDJPY,BUY,2024-12-23 16:00:00+00:00,2024-12-23 23:45:00+00:00,97.929,98.178,15.34,15.34,3.7.108,DEMO,OOS,0.0,0.1,0.1,DEMO_ACCOUNT,0.1,C:\Users\Leon\Desktop\QUANT\Data_Center\Data\2_Baseline\Trades\Backtest\DEMO_ACCOUNT\OOS\listOfTrades_AUDJPY_78_3.7.108_BUY_M15_OOS.csv,0.1,4.8,47.99999999999999,736.3199999999999,0.0,736.3199999999999,4.8,4.8,2567.0399999999927
880,AUDJPY,BUY,2024-12-24 03:30:00+00:00,2024-12-26 00:05:00+00:00,97.983,98.073,5.43,5.43,3.7.108,DEMO,OOS,0.0,0.1,0.1,DEMO_ACCOUNT,0.1,C:\Users\Leon\Desktop\QUANT\Data_Center\Data\2_Baseline\Trades\Backtest\DEMO_ACCOUNT\OOS\listOfTrades_AUDJPY_78_3.7.108_BUY_M15_OOS.csv,0.1,4.8,47.99999999999999,260.63999999999993,0.0,260.63999999999993,4.8,4.8,2827.6799999999926
882,AUDJPY,BUY,2024-12-27 00:30:00+00:00,2024-12-27 23:45:00+00:00,98.304,98.113,-12.6,-12.6,3.7.108,DEMO,OOS,0.0,0.1,0.1,DEMO_ACCOUNT,0.1,C:\Users\Leon\Desktop\QUANT\Data_Center\Data\2_Baseline\Trades\Backtest\DEMO_ACCOUNT\OOS\listOfTrades_AUDJPY_78_3.7.108_BUY_M15_OOS.csv,0.1,4.8,47.99999999999999,-604.7999999999998,0.0,-604.7999999999998,4.8,4.8,2222.879999999993
884,AUDJPY,BUY,2025-01-02 15:45:00+00:00,2025-01-02 23:45:00+00:00,97.425,97.716,17.97,17.97,3.7.108,DEMO,OOS,0.0,0.1,0.1,DEMO_ACCOUNT,0.1,C:\Users\Leon\Desktop\QUANT\Data_Center\Data\2_Baseline\Trades\Backtest\DEMO_ACCOUNT\OOS\listOfTrades_AUDJPY_78_3.7.108_BUY_M15_OOS.csv,0.1,4.8,47.99999999999999,862.5599999999998,0.0,862.5599999999998,4.8,4.8,3085.439999999993
886,AUDJPY,BUY,2025-01-03 02:15:00+00:00,2025-01-03 23:45:00+00:00,97.612,97.792,10.94,10.94,3.7.108,DEMO,OOS,0.0,0.1,0.1,DEMO_ACCOUNT,0.1,C:\Users\Leon\Desktop\QUANT\Data_Center\Data\2_Baseline\Trades\Backtest\DEMO_ACCOUNT\OOS\listOfTrades_AUDJPY_78_3.7.108_BUY_M15_OOS.csv,0.1,4.8,47.99999999999999,525.1199999999999,0.0,525.1199999999999,4.8,4.8,3610.5599999999927
888,AUDJPY,BUY,2025-01-06 01:00:00+00:00,2025-01-06 10:20:40+00:00,97.681,98.331,40.72,40.72,3.7.108,DEMO,OOS,0.0,0.1,0.1,DEMO_ACCOUNT,0.1,C:\Users\Leon\Desktop\QUANT\Data_Center\Data\2_Baseline\Trades\Backtest\DEMO_ACCOUNT\OOS\listOfTrades_AUDJPY_78_3.7.108_BUY_M15_OOS.csv,0.1,4.8,47.99999999999999,1954.5599999999997,0.0,1954.5599999999997,4.8,4.8,5565.119999999993
890,AUDJPY,BUY,2025-01-07 00:15:00+00:00,2025-01-07 12:38:40+00:00,98.473,99.123,40.72,40.72,3.7.108,DEMO,OOS,0.0,0.1,0.1,DEMO_ACCOUNT,0.1,C:\Users\Leon\Desktop\QUANT\Data_Center\Data\2_Baseline\Trades\Backtest\DEMO_ACCOUNT\OOS\listOfTrades_AUDJPY_78_3.7.108_BUY_M15_OOS.csv,0.1,4.8,47.99999999999999,1954.5599999999997,0.0,1954.5599999999997,4.8,4.8,7519.679999999992
892,AUDJPY,BUY,2025-01-14 15:00:00+00:00,2025-01-14 23:45:00+00:00,97.461,97.769,19.0,19.0,3.7.108,DEMO,OOS,0.0,0.1,0.1,DEMO_ACCOUNT,0.1,C:\Users\Leon\Desktop\QUANT\Data_Center\Data\2_Baseline\Trades\Backtest\DEMO_ACCOUNT\OOS\listOfTrades_AUDJPY_78_3.7.108_BUY_M15_OOS.csv,0.1,4.8,47.99999999999999,911.9999999999999,0.0,911.9999999999999,4.8,4.8,8431.679999999991
894,AUDJPY,BUY,2025-01-15 03:15:00+00:00,2025-01-15 23:45:00+00:00,97.673,97.39,-18.59,-18.59,3.7.108,DEMO,OOS,0.0,0.1,0.1,DEMO_ACCOUNT,0.1,C:\Users\Leon\Desktop\QUANT\Data_Center\Data\2_Baseline\Trades\Backtest\DEMO_ACCOUNT\OOS\listOfTrades_AUDJPY_78_3.7.108_BUY_M15_OOS.csv,0.1,4.8,47.99999999999999,-892.3199999999998,0.0,-892.3199999999998,4.8,4.8,7539.3599999999915
896,AUDJPY,BUY,2025-01-20 03:30:00+00:00,2025-01-20 15:31:40+00:00,96.763,97.413,41.13,41.13,3.7.108,DEMO,OOS,0.0,0.1,0.1,DEMO_ACCOUNT,0.1,C:\Users\Leon\Desktop\QUANT\Data_Center\Data\2_Baseline\Trades\Backtest\DEMO_ACCOUNT\OOS\listOfTrades_AUDJPY_78_3.7.108_BUY_M15_OOS.csv,0.1,4.8,47.99999999999999,1974.2399999999998,0.0,1974.2399999999998,4.8,4.8,9513.599999999991
898,AUDJPY,BUY,2025-01-21 03:00:00+00:00,2025-01-21 23:45:00+00:00,97.077,97.476,25.17,25.17,3.7.108,DEMO,OOS,0.0,0.1,0.1,DEMO_ACCOUNT,0.1,C:\Users\Leon\Desktop\QUANT\Data_Center\Data\2_Baseline\Trades\Backtest\DEMO_ACCOUNT\OOS\listOfTrades_AUDJPY_78_3.7.108_BUY_M15_OOS.csv,0.1,4.8,47.99999999999999,1208.1599999999999,0.0,1208.1599999999999,4.8,4.8,10721.759999999991
900,AUDJPY,BUY,2025-01-23 00:45:00+00:00,2025-01-23 23:45:00+00:00,98.144,98.004,-9.47,-9.47,3.7.108,DEMO,OOS,0.0,0.1,0.1,DEMO_ACCOUNT,0.1,C:\Users\Leon\Desktop\QUANT\Data_Center\Data\2_Baseline\Trades\Backtest\DEMO_ACCOUNT\OOS\listOfTrades_AUDJPY_78_3.7.108_BUY_M15_OOS.csv,0.1,4.8,47.99999999999999,-454.55999999999995,0.0,-454.55999999999995,4.8,4.8,10267.199999999992
902,AUDJPY,BUY,2025-01-24 19:00:00+00:00,2025-01-24 23:45:00+00:00,98.341,98.424,4.82,4.82,3.7.108,DEMO,OOS,0.0,0.1,0.1,DEMO_ACCOUNT,0.1,C:\Users\Leon\Desktop\QUANT\Data_Center\Data\2_Baseline\Trades\Backtest\DEMO_ACCOUNT\OOS\listOfTrades_AUDJPY_78_3.7.108_BUY_M15_OOS.csv,0.1,4.8,47.99999999999999,231.35999999999999,0.0,231.35999999999999,4.8,4.8,10498.559999999992
904,AUDJPY,BUY,2025-01-31 23:00:00+00:00,2025-01-31 23:45:00+00:00,96.378,96.321,-4.17,-4.17,3.7.108,DEMO,OOS,0.0,0.1,0.1,DEMO_ACCOUNT,0.1,C:\Users\Leon\Desktop\QUANT\Data_Center\Data\2_Baseline\Trades\Backtest\DEMO_ACCOUNT\OOS\listOfTrades_AUDJPY_78_3.7.108_BUY_M15_OOS.csv,0.1,4.8,47.99999999999999,-200.15999999999997,0.0,-200.15999999999997,4.8,4.8,10298.399999999992
906,AUDJPY,BUY,2025-02-05 00:45:00+00:00,2025-02-05 03:53:40+00:00,96.58,95.88,-46.07,-46.07,3.7.108,DEMO,OOS,0.0,0.1,0.1,DEMO_ACCOUNT,0.1,C:\Users\Leon\Desktop\QUANT\Data_Center\Data\2_Baseline\Trades\Backtest\DEMO_ACCOUNT\OOS\listOfTrades_AUDJPY_78_3.7.108_BUY_M15_OOS.csv,0.1,4.8,47.99999999999999,-2211.3599999999997,0.0,-2211.3599999999997,4.8,4.8,8087.039999999993
908,AUDJPY,BUY,2025-02-07 16:00:00+00:00,2025-02-07 18:35:40+00:00,95.381,94.681,-46.81,-46.81,3.7.108,DEMO,OOS,0.0,0.1,0.1,DEMO_ACCOUNT,0.1,C:\Users\Leon\Desktop\QUANT\Data_Center\Data\2_Baseline\Trades\Backtest\DEMO_ACCOUNT\OOS\listOfTrades_AUDJPY_78_3.7.108_BUY_M15_OOS.csv,0.1,4.8,47.99999999999999,-2246.8799999999997,0.0,-2246.8799999999997,4.8,4.8,5840.159999999993
910,AUDJPY,BUY,2025-02-10 16:15:00+00:00,2025-02-10 23:45:00+00:00,95.312,95.412,6.08,6.08,3.7.108,DEMO,OOS,0.0,0.1,0.1,DEMO_ACCOUNT,0.1,C:\Users\Leon\Desktop\QUANT\Data_Center\Data\2_Baseline\Trades\Backtest\DEMO_ACCOUNT\OOS\listOfTrades_AUDJPY_78_3.7.108_BUY_M15_OOS.csv,0.1,4.8,47.99999999999999,291.84,0.0,291.84,4.8,4.8,6131.999999999993
912,AUDJPY,BUY,2025-02-11 01:30:00+00:00,2025-02-11 17:23:40+00:00,95.205,95.855,42.14,42.14,3.7.108,DEMO,OOS,0.0,0.1,0.1,DEMO_ACCOUNT,0.1,C:\Users\Leon\Desktop\QUANT\Data_Center\Data\2_Baseline\Trades\Backtest\DEMO_ACCOUNT\OOS\listOfTrades_AUDJPY_78_3.7.108_BUY_M15_OOS.csv,0.1,4.8,47.99999999999999,2022.7199999999998,0.0,2022.7199999999998,4.8,4.8,8154.719999999992
914,AUDJPY,BUY,2025-02-13 02:30:00+00:00,2025-02-13 15:49:40+00:00,96.89,96.19,-46.08,-46.08,3.7.108,DEMO,OOS,0.0,0.1,0.1,DEMO_ACCOUNT,0.1,C:\Users\Leon\Desktop\QUANT\Data_Center\Data\2_Baseline\Trades\Backtest\DEMO_ACCOUNT\OOS\listOfTrades_AUDJPY_78_3.7.108_BUY_M15_OOS.csv,0.1,4.8,47.99999999999999,-2211.8399999999997,0.0,-2211.8399999999997,4.8,4.8,5942.879999999992
916,AUDJPY,BUY,2025-02-14 03:30:00+00:00,2025-02-14 23:45:00+00:00,96.448,96.786,21.69,21.69,3.7.108,DEMO,OOS,0.0,0.1,0.1,DEMO_ACCOUNT,0.1,C:\Users\Leon\Desktop\QUANT\Data_Center\Data\2_Baseline\Trades\Backtest\DEMO_ACCOUNT\OOS\listOfTrades_AUDJPY_78_3.7.108_BUY_M15_OOS.csv,0.1,4.8,47.99999999999999,1041.12,0.0,1041.12,4.8,4.8,6983.999999999992
918,AUDJPY,BUY,2025-02-17 00:15:00+00:00,2025-02-17 23:45:00+00:00,96.713,96.281,-29.02,-29.02,3.7.108,DEMO,OOS,0.0,0.1,0.1,DEMO_ACCOUNT,0.1,C:\Users\Leon\Desktop\QUANT\Data_Center\Data\2_Baseline\Trades\Backtest\DEMO_ACCOUNT\OOS\listOfTrades_AUDJPY_78_3.7.108_BUY_M15_OOS.csv,0.1,4.8,47.99999999999999,-1392.9599999999998,0.0,-1392.9599999999998,4.8,4.8,5591.039999999992
920,AUDJPY,BUY,2025-02-19 03:30:00+00:00,2025-02-19 23:45:00+00:00,96.398,96.115,-19.18,-19.18,3.7.108,DEMO,OOS,0.0,0.1,0.1,DEMO_ACCOUNT,0.1,C:\Users\Leon\Desktop\QUANT\Data_Center\Data\2_Baseline\Trades\Backtest\DEMO_ACCOUNT\OOS\listOfTrades_AUDJPY_78_3.7.108_BUY_M15_OOS.csv,0.1,4.8,47.99999999999999,-920.6399999999999,0.0,-920.6399999999999,4.8,4.8,4670.399999999992
922,AUDJPY,BUY,2025-02-24 16:45:00+00:00,2025-02-24 23:45:00+00:00,94.92,95.037,7.31,7.31,3.7.108,DEMO,OOS,0.0,0.1,0.1,DEMO_ACCOUNT,0.1,C:\Users\Leon\Desktop\QUANT\Data_Center\Data\2_Baseline\Trades\Backtest\DEMO_ACCOUNT\OOS\listOfTrades_AUDJPY_78_3.7.108_BUY_M15_OOS.csv,0.1,4.8,47.99999999999999,350.87999999999994,0.0,350.87999999999994,4.8,4.8,5021.2799999999925
924,AUDJPY,BUY,2025-02-28 19:45:00+00:00,2025-02-28 23:45:00+00:00,93.409,93.485,4.55,4.55,3.7.108,DEMO,OOS,0.0,0.1,0.1,DEMO_ACCOUNT,0.1,C:\Users\Leon\Desktop\QUANT\Data_Center\Data\2_Baseline\Trades\Backtest\DEMO_ACCOUNT\OOS\listOfTrades_AUDJPY_78_3.7.108_BUY_M15_OOS.csv,0.1,4.8,47.99999999999999,218.39999999999995,0.0,218.39999999999995,4.8,4.8,5239.679999999992
926,AUDJPY,BUY,2025-03-03 05:30:00+00:00,2025-03-03 13:53:40+00:00,93.381,94.031,42.52,42.52,3.7.108,DEMO,OOS,0.0,0.1,0.1,DEMO_ACCOUNT,0.1,C:\Users\Leon\Desktop\QUANT\Data_Center\Data\2_Baseline\Trades\Backtest\DEMO_ACCOUNT\OOS\listOfTrades_AUDJPY_78_3.7.108_BUY_M15_OOS.csv,0.1,4.8,47.99999999999999,2040.9599999999998,0.0,2040.9599999999998,4.8,4.8,7280.639999999992
928,AUDJPY,BUY,2025-03-05 17:00:00+00:00,2025-03-05 22:04:40+00:00,93.728,94.378,43.18,43.18,3.7.108,DEMO,OOS,0.0,0.1,0.1,DEMO_ACCOUNT,0.1,C:\Users\Leon\Desktop\QUANT\Data_Center\Data\2_Baseline\Trades\Backtest\DEMO_ACCOUNT\OOS\listOfTrades_AUDJPY_78_3.7.108_BUY_M15_OOS.csv,0.1,4.8,47.99999999999999,2072.64,0.0,2072.64,4.8,4.8,9353.279999999992
930,AUDJPY,BUY,2025-03-14 19:45:00+00:00,2025-03-14 23:45:00+00:00,93.742,94.06,20.9,20.9,3.7.108,DEMO,OOS,0.0,0.1,0.1,DEMO_ACCOUNT,0.1,C:\Users\Leon\Desktop\QUANT\Data_Center\Data\2_Baseline\Trades\Backtest\DEMO_ACCOUNT\OOS\listOfTrades_AUDJPY_78_3.7.108_BUY_M15_OOS.csv,0.1,4.8,47.99999999999999,1003.1999999999998,0.0,1003.1999999999998,4.8,4.8,10356.479999999992
932,AUDJPY,BUY,2025-03-19 20:45:00+00:00,2025-03-19 23:45:00+00:00,94.816,94.518,-20.54,-20.54,3.7.108,DEMO,OOS,0.0,0.1,0.1,DEMO_ACCOUNT,0.1,C:\Users\Leon\Desktop\QUANT\Data_Center\Data\2_Baseline\Trades\Backtest\DEMO_ACCOUNT\OOS\listOfTrades_AUDJPY_78_3.7.108_BUY_M15_OOS.csv,0.1,4.8,47.99999999999999,-985.9199999999998,0.0,-985.9199999999998,4.8,4.8,9370.559999999992
934,AUDJPY,BUY,2025-03-25 17:00:00+00:00,2025-03-25 23:45:00+00:00,94.64,94.442,-13.71,-13.71,3.7.108,DEMO,OOS,0.0,0.1,0.1,DEMO_ACCOUNT,0.1,C:\Users\Leon\Desktop\QUANT\Data_Center\Data\2_Baseline\Trades\Backtest\DEMO_ACCOUNT\OOS\listOfTrades_AUDJPY_78_3.7.108_BUY_M15_OOS.csv,0.1,4.8,47.99999999999999,-658.0799999999999,0.0,-658.0799999999999,4.8,4.8,8712.479999999992
936,AUDJPY,BUY,2025-03-26 17:00:00+00:00,2025-03-26 23:45:00+00:00,94.859,94.747,-7.94,-7.94,3.7.108,DEMO,OOS,0.0,0.1,0.1,DEMO_ACCOUNT,0.1,C:\Users\Leon\Desktop\QUANT\Data_Center\Data\2_Baseline\Trades\Backtest\DEMO_ACCOUNT\OOS\listOfTrades_AUDJPY_78_3.7.108_BUY_M15_OOS.csv,0.1,4.8,47.99999999999999,-381.11999999999995,0.0,-381.11999999999995,4.8,4.8,8331.359999999991
938,AUDJPY,BUY,2025-03-28 01:00:00+00:00,2025-03-28 17:32:40+00:00,95.137,94.437,-47.16,-47.16,3.7.108,DEMO,OOS,0.0,0.1,0.1,DEMO_ACCOUNT,0.1,C:\Users\Leon\Desktop\QUANT\Data_Center\Data\2_Baseline\Trades\Backtest\DEMO_ACCOUNT\OOS\listOfTrades_AUDJPY_78_3.7.108_BUY_M15_OOS.csv,0.1,4.8,47.99999999999999,-2263.6799999999994,0.0,-2263.6799999999994,4.8,4.8,6067.679999999992
940,AUDJPY,BUY,2025-04-07 22:15:00+00:00,2025-04-07 23:45:00+00:00,88.156,88.516,23.86,23.86,3.7.108,DEMO,OOS,0.0,0.1,0.1,DEMO_ACCOUNT,0.1,C:\Users\Leon\Desktop\QUANT\Data_Center\Data\2_Baseline\Trades\Backtest\DEMO_ACCOUNT\OOS\listOfTrades_AUDJPY_78_3.7.108_BUY_M15_OOS.csv,0.1,4.8,47.99999999999999,1145.2799999999997,0.0,1145.2799999999997,4.8,4.8,7212.959999999992
942,AUDJPY,BUY,2025-04-08 18:15:00+00:00,2025-04-08 19:42:40+00:00,88.526,87.826,-48.22,-48.22,3.7.108,DEMO,OOS,0.0,0.1,0.1,DEMO_ACCOUNT,0.1,C:\Users\Leon\Desktop\QUANT\Data_Center\Data\2_Baseline\Trades\Backtest\DEMO_ACCOUNT\OOS\listOfTrades_AUDJPY_78_3.7.108_BUY_M15_OOS.csv,0.1,4.8,47.99999999999999,-2314.5599999999995,0.0,-2314.5599999999995,4.8,4.8,4898.399999999992
944,AUDJPY,BUY,2025-04-09 15:00:00+00:00,2025-04-09 16:16:40+00:00,86.813,87.463,44.38,44.38,3.7.108,DEMO,OOS,0.0,0.1,0.1,DEMO_ACCOUNT,0.1,C:\Users\Leon\Desktop\QUANT\Data_Center\Data\2_Baseline\Trades\Backtest\DEMO_ACCOUNT\OOS\listOfTrades_AUDJPY_78_3.7.108_BUY_M15_OOS.csv,0.1,4.8,47.99999999999999,2130.24,0.0,2130.24,4.8,4.8,7028.639999999992
946,AUDJPY,BUY,2025-04-11 01:45:00+00:00,2025-04-11 03:18:40+00:00,89.791,89.091,-49.31,-49.31,3.7.108,DEMO,OOS,0.0,0.1,0.1,DEMO_ACCOUNT,0.1,C:\Users\Leon\Desktop\QUANT\Data_Center\Data\2_Baseline\Trades\Backtest\DEMO_ACCOUNT\OOS\listOfTrades_AUDJPY_78_3.7.108_BUY_M15_OOS.csv,0.1,4.8,47.99999999999999,-2366.8799999999997,0.0,-2366.8799999999997,4.8,4.8,4661.759999999993
948,AUDJPY,BUY,2025-04-14 04:30:00+00:00,2025-04-14 10:54:40+00:00,89.772,90.422,44.97,44.97,3.7.108,DEMO,OOS,0.0,0.1,0.1,DEMO_ACCOUNT,0.1,C:\Users\Leon\Desktop\QUANT\Data_Center\Data\2_Baseline\Trades\Backtest\DEMO_ACCOUNT\OOS\listOfTrades_AUDJPY_78_3.7.108_BUY_M15_OOS.csv,0.1,4.8,47.99999999999999,2158.5599999999995,0.0,2158.5599999999995,4.8,4.8,6820.319999999992
950,AUDJPY,BUY,2025-04-15 00:45:00+00:00,2025-04-15 07:32:40+00:00,90.471,91.121,44.91,44.91,3.7.108,DEMO,OOS,0.0,0.1,0.1,DEMO_ACCOUNT,0.1,C:\Users\Leon\Desktop\QUANT\Data_Center\Data\2_Baseline\Trades\Backtest\DEMO_ACCOUNT\OOS\listOfTrades_AUDJPY_78_3.7.108_BUY_M15_OOS.csv,0.1,4.8,47.99999999999999,2155.6799999999994,0.0,2155.6799999999994,4.8,4.8,8975.999999999993
952,AUDJPY,BUY,2025-04-16 21:15:00+00:00,2025-04-16 23:45:00+00:00,90.581,90.434,-10.85,-10.85,3.7.108,DEMO,OOS,0.0,0.1,0.1,DEMO_ACCOUNT,0.1,C:\Users\Leon\Desktop\QUANT\Data_Center\Data\2_Baseline\Trades\Backtest\DEMO_ACCOUNT\OOS\listOfTrades_AUDJPY_78_3.7.108_BUY_M15_OOS.csv,0.1,4.8,47.99999999999999,-520.8,0.0,-520.8,4.8,4.8,8455.199999999993
954,AUDJPY,BUY,2025-04-18 05:00:00+00:00,2025-04-18 23:45:00+00:00,90.813,90.606,-15.06,-15.06,3.7.108,DEMO,OOS,0.0,0.1,0.1,DEMO_ACCOUNT,0.1,C:\Users\Leon\Desktop\QUANT\Data_Center\Data\2_Baseline\Trades\Backtest\DEMO_ACCOUNT\OOS\listOfTrades_AUDJPY_78_3.7.108_BUY_M15_OOS.csv,0.1,4.8,47.99999999999999,-722.8799999999999,0.0,-722.8799999999999,4.8,4.8,7732.319999999993
956,AUDJPY,BUY,2025-04-22 01:00:00+00:00,2025-04-22 14:44:40+00:00,90.332,89.632,-50.42,-50.42,3.7.108,DEMO,OOS,0.0,0.1,0.1,DEMO_ACCOUNT,0.1,C:\Users\Leon\Desktop\QUANT\Data_Center\Data\2_Baseline\Trades\Backtest\DEMO_ACCOUNT\OOS\listOfTrades_AUDJPY_78_3.7.108_BUY_M15_OOS.csv,0.1,4.8,47.99999999999999,-2420.16,0.0,-2420.16,4.8,4.8,5312.1599999999935
958,AUDJPY,BUY,2025-04-24 01:15:00+00:00,2025-04-24 23:45:00+00:00,91.032,91.389,24.54,24.54,3.7.108,DEMO,OOS,0.0,0.1,0.1,DEMO_ACCOUNT,0.1,C:\Users\Leon\Desktop\QUANT\Data_Center\Data\2_Baseline\Trades\Backtest\DEMO_ACCOUNT\OOS\listOfTrades_AUDJPY_78_3.7.108_BUY_M15_OOS.csv,0.1,4.8,47.99999999999999,1177.9199999999998,0.0,1177.9199999999998,4.8,4.8,6490.079999999994
960,AUDJPY,BUY,2025-04-28 03:00:00+00:00,2025-04-28 23:45:00+00:00,91.82,91.36,-32.88,-32.88,3.7.108,DEMO,OOS,0.0,0.1,0.1,DEMO_ACCOUNT,0.1,C:\Users\Leon\Desktop\QUANT\Data_Center\Data\2_Baseline\Trades\Backtest\DEMO_ACCOUNT\OOS\listOfTrades_AUDJPY_78_3.7.108_BUY_M15_OOS.csv,0.1,4.8,47.99999999999999,-1578.2399999999998,0.0,-1578.2399999999998,4.8,4.8,4911.839999999994
962,AUDJPY,BUY,2025-04-30 15:45:00+00:00,2025-04-30 21:07:40+00:00,90.976,91.626,45.02,45.02,3.7.108,DEMO,OOS,0.0,0.1,0.1,DEMO_ACCOUNT,0.1,C:\Users\Leon\Desktop\QUANT\Data_Center\Data\2_Baseline\Trades\Backtest\DEMO_ACCOUNT\OOS\listOfTrades_AUDJPY_78_3.7.108_BUY_M15_OOS.csv,0.1,4.8,47.99999999999999,2160.96,0.0,2160.96,4.8,4.8,7072.799999999994
964,AUDJPY,BUY,2025-05-02 17:00:00+00:00,2025-05-02 22:40:40+00:00,92.905,93.555,44.31,44.31,3.7.108,DEMO,OOS,0.0,0.1,0.1,DEMO_ACCOUNT,0.1,C:\Users\Leon\Desktop\QUANT\Data_Center\Data\2_Baseline\Trades\Backtest\DEMO_ACCOUNT\OOS\listOfTrades_AUDJPY_78_3.7.108_BUY_M15_OOS.csv,0.1,4.8,47.99999999999999,2126.8799999999997,0.0,2126.8799999999997,4.8,4.8,9199.679999999993
966,AUDJPY,BUY,2025-05-05 03:15:00+00:00,2025-05-05 23:45:00+00:00,93.193,92.961,-16.64,-16.64,3.7.108,DEMO,OOS,0.0,0.1,0.1,DEMO_ACCOUNT,0.1,C:\Users\Leon\Desktop\QUANT\Data_Center\Data\2_Baseline\Trades\Backtest\DEMO_ACCOUNT\OOS\listOfTrades_AUDJPY_78_3.7.108_BUY_M15_OOS.csv,0.1,4.8,47.99999999999999,-798.7199999999999,0.0,-798.7199999999999,4.8,4.8,8400.959999999994
968,AUDJPY,BUY,2025-05-07 15:45:00+00:00,2025-05-07 23:45:00+00:00,92.74,92.387,-25.05,-25.05,3.7.108,DEMO,OOS,0.0,0.1,0.1,DEMO_ACCOUNT,0.1,C:\Users\Leon\Desktop\QUANT\Data_Center\Data\2_Baseline\Trades\Backtest\DEMO_ACCOUNT\OOS\listOfTrades_AUDJPY_78_3.7.108_BUY_M15_OOS.csv,0.1,4.8,47.99999999999999,-1202.3999999999999,0.0,-1202.3999999999999,4.8,4.8,7198.559999999994
970,AUDJPY,BUY,2025-05-09 04:00:00+00:00,2025-05-09 23:45:00+00:00,93.115,93.168,3.15,3.15,3.7.108,DEMO,OOS,0.0,0.1,0.1,DEMO_ACCOUNT,0.1,C:\Users\Leon\Desktop\QUANT\Data_Center\Data\2_Baseline\Trades\Backtest\DEMO_ACCOUNT\OOS\listOfTrades_AUDJPY_78_3.7.108_BUY_M15_OOS.csv,0.1,4.8,47.99999999999999,151.19999999999996,0.0,151.19999999999996,4.8,4.8,7349.759999999994
972,AUDJPY,BUY,2025-05-12 18:45:00+00:00,2025-05-12 23:45:00+00:00,94.34,94.604,17.28,17.28,3.7.108,DEMO,OOS,0.0,0.1,0.1,DEMO_ACCOUNT,0.1,C:\Users\Leon\Desktop\QUANT\Data_Center\Data\2_Baseline\Trades\Backtest\DEMO_ACCOUNT\OOS\listOfTrades_AUDJPY_78_3.7.108_BUY_M15_OOS.csv,0.1,4.8,47.99999999999999,829.4399999999999,0.0,829.4399999999999,4.8,4.8,8179.199999999993
974,AUDJPY,BUY,2025-05-13 03:30:00+00:00,2025-05-13 15:23:40+00:00,94.363,95.013,43.37,43.37,3.7.108,DEMO,OOS,0.0,0.1,0.1,DEMO_ACCOUNT,0.1,C:\Users\Leon\Desktop\QUANT\Data_Center\Data\2_Baseline\Trades\Backtest\DEMO_ACCOUNT\OOS\listOfTrades_AUDJPY_78_3.7.108_BUY_M15_OOS.csv,0.1,4.8,47.99999999999999,2081.7599999999998,0.0,2081.7599999999998,4.8,4.8,10260.959999999994
976,AUDJPY,BUY,2025-05-14 04:30:00+00:00,2025-05-14 12:43:40+00:00,95.299,94.599,-48.52,-48.52,3.7.108,DEMO,OOS,0.0,0.1,0.1,DEMO_ACCOUNT,0.1,C:\Users\Leon\Desktop\QUANT\Data_Center\Data\2_Baseline\Trades\Backtest\DEMO_ACCOUNT\OOS\listOfTrades_AUDJPY_78_3.7.108_BUY_M15_OOS.csv,0.1,4.8,47.99999999999999,-2328.9599999999996,0.0,-2328.9599999999996,4.8,4.8,7931.9999999999945
978,AUDJPY,BUY,2025-05-19 00:15:00+00:00,2025-05-19 23:45:00+00:00,93.117,93.509,26.57,26.57,3.7.108,DEMO,OOS,0.0,0.1,0.1,DEMO_ACCOUNT,0.1,C:\Users\Leon\Desktop\QUANT\Data_Center\Data\2_Baseline\Trades\Backtest\DEMO_ACCOUNT\OOS\listOfTrades_AUDJPY_78_3.7.108_BUY_M15_OOS.csv,0.1,4.8,47.99999999999999,1275.36,0.0,1275.36,4.8,4.8,9207.359999999995
980,AUDJPY,BUY,2025-05-20 04:45:00+00:00,2025-05-20 08:45:40+00:00,93.36,92.66,-48.94,-48.94,3.7.108,DEMO,OOS,0.0,0.1,0.1,DEMO_ACCOUNT,0.1,C:\Users\Leon\Desktop\QUANT\Data_Center\Data\2_Baseline\Trades\Backtest\DEMO_ACCOUNT\OOS\listOfTrades_AUDJPY_78_3.7.108_BUY_M15_OOS.csv,0.1,4.8,47.99999999999999,-2349.1199999999994,0.0,-2349.1199999999994,4.8,4.8,6858.239999999996
982,AUDJPY,BUY,2025-05-21 20:45:00+00:00,2025-05-21 23:45:00+00:00,92.552,92.454,-7.32,-7.32,3.7.108,DEMO,OOS,0.0,0.1,0.1,DEMO_ACCOUNT,0.1,C:\Users\Leon\Desktop\QUANT\Data_Center\Data\2_Baseline\Trades\Backtest\DEMO_ACCOUNT\OOS\listOfTrades_AUDJPY_78_3.7.108_BUY_M15_OOS.csv,0.1,4.8,47.99999999999999,-351.35999999999996,0.0,-351.35999999999996,4.8,4.8,6506.8799999999965
984,AUDJPY,BUY,2025-05-23 15:00:00+00:00,2025-05-23 19:54:40+00:00,91.905,92.555,45.06,45.06,3.7.108,DEMO,OOS,0.0,0.1,0.1,DEMO_ACCOUNT,0.1,C:\Users\Leon\Desktop\QUANT\Data_Center\Data\2_Baseline\Trades\Backtest\DEMO_ACCOUNT\OOS\listOfTrades_AUDJPY_78_3.7.108_BUY_M15_OOS.csv,0.1,4.8,47.99999999999999,2162.8799999999997,0.0,2162.8799999999997,4.8,4.8,8669.759999999997
986,AUDJPY,BUY,2025-05-26 16:30:00+00:00,2025-05-26 23:45:00+00:00,92.943,92.624,-22.84,-22.84,3.7.108,DEMO,OOS,0.0,0.1,0.1,DEMO_ACCOUNT,0.1,C:\Users\Leon\Desktop\QUANT\Data_Center\Data\2_Baseline\Trades\Backtest\DEMO_ACCOUNT\OOS\listOfTrades_AUDJPY_78_3.7.108_BUY_M15_OOS.csv,0.1,4.8,47.99999999999999,-1096.32,0.0,-1096.32,4.8,4.8,7573.439999999997
988,AUDJPY,BUY,2025-05-28 03:00:00+00:00,2025-05-28 23:45:00+00:00,92.941,93.093,10.0,10.0,3.7.108,DEMO,OOS,0.0,0.1,0.1,DEMO_ACCOUNT,0.1,C:\Users\Leon\Desktop\QUANT\Data_Center\Data\2_Baseline\Trades\Backtest\DEMO_ACCOUNT\OOS\listOfTrades_AUDJPY_78_3.7.108_BUY_M15_OOS.csv,0.1,4.8,47.99999999999999,479.99999999999994,0.0,479.99999999999994,4.8,4.8,8053.439999999997
990,AUDJPY,BUY,2025-05-29 00:45:00+00:00,2025-05-29 03:01:40+00:00,93.057,93.707,44.07,44.07,3.7.108,DEMO,OOS,0.0,0.1,0.1,DEMO_ACCOUNT,0.1,C:\Users\Leon\Desktop\QUANT\Data_Center\Data\2_Baseline\Trades\Backtest\DEMO_ACCOUNT\OOS\listOfTrades_AUDJPY_78_3.7.108_BUY_M15_OOS.csv,0.1,4.8,47.99999999999999,2115.3599999999997,0.0,2115.3599999999997,4.8,4.8,10168.799999999996
992,AUDJPY,BUY,2025-06-02 01:00:00+00:00,2025-06-02 23:45:00+00:00,92.572,92.733,10.78,10.78,3.7.108,DEMO,OOS,0.0,0.1,0.1,DEMO_ACCOUNT,0.1,C:\Users\Leon\Desktop\QUANT\Data_Center\Data\2_Baseline\Trades\Backtest\DEMO_ACCOUNT\OOS\listOfTrades_AUDJPY_78_3.7.108_BUY_M15_OOS.csv,0.1,4.8,47.99999999999999,517.4399999999999,0.0,517.4399999999999,4.8,4.8,10686.239999999996
994,AUDJPY,BUY,2025-06-03 00:30:00+00:00,2025-06-03 23:45:00+00:00,92.667,93.097,29.37,29.37,3.7.108,DEMO,OOS,0.0,0.1,0.1,DEMO_ACCOUNT,0.1,C:\Users\Leon\Desktop\QUANT\Data_Center\Data\2_Baseline\Trades\Backtest\DEMO_ACCOUNT\OOS\listOfTrades_AUDJPY_78_3.7.108_BUY_M15_OOS.csv,0.1,4.8,47.99999999999999,1409.7599999999998,0.0,1409.7599999999998,4.8,4.8,12095.999999999996
996,AUDJPY,BUY,2025-06-04 04:30:00+00:00,2025-06-04 23:45:00+00:00,92.947,92.716,-16.68,-16.68,3.7.108,DEMO,OOS,0.0,0.1,0.1,DEMO_ACCOUNT,0.1,C:\Users\Leon\Desktop\QUANT\Data_Center\Data\2_Baseline\Trades\Backtest\DEMO_ACCOUNT\OOS\listOfTrades_AUDJPY_78_3.7.108_BUY_M15_OOS.csv,0.1,4.8,47.99999999999999,-800.6399999999999,0.0,-800.6399999999999,4.8,4.8,11295.359999999997
998,AUDJPY,BUY,2025-06-06 00:15:00+00:00,2025-06-06 19:34:40+00:00,93.466,94.116,44.35,44.35,3.7.108,DEMO,OOS,0.0,0.1,0.1,DEMO_ACCOUNT,0.1,C:\Users\Leon\Desktop\QUANT\Data_Center\Data\2_Baseline\Trades\Backtest\DEMO_ACCOUNT\OOS\listOfTrades_AUDJPY_78_3.7.108_BUY_M15_OOS.csv,0.1,4.8,47.99999999999999,2128.7999999999997,0.0,2128.7999999999997,4.8,4.8,13424.159999999996
1000,AUDJPY,BUY,2025-06-10 00:30:00+00:00,2025-06-10 23:45:00+00:00,94.285,94.491,13.72,13.72,3.7.108,DEMO,OOS,0.0,0.1,0.1,DEMO_ACCOUNT,0.1,C:\Users\Leon\Desktop\QUANT\Data_Center\Data\2_Baseline\Trades\Backtest\DEMO_ACCOUNT\OOS\listOfTrades_AUDJPY_78_3.7.108_BUY_M15_OOS.csv,0.1,4.8,47.99999999999999,658.56,0.0,658.56,4.8,4.8,14082.719999999996
1002,AUDJPY,BUY,2025-06-11 04:00:00+00:00,2025-06-11 23:45:00+00:00,94.408,94.007,-28.23,-28.23,3.7.108,DEMO,OOS,0.0,0.1,0.1,DEMO_ACCOUNT,0.1,C:\Users\Leon\Desktop\QUANT\Data_Center\Data\2_Baseline\Trades\Backtest\DEMO_ACCOUNT\OOS\listOfTrades_AUDJPY_78_3.7.108_BUY_M15_OOS.csv,0.1,4.8,47.99999999999999,-1355.0399999999997,0.0,-1355.0399999999997,4.8,4.8,12727.679999999997
1004,AUDJPY,BUY,2025-06-13 22:30:00+00:00,2025-06-13 23:45:00+00:00,93.356,93.515,10.54,10.54,3.7.108,DEMO,OOS,0.0,0.1,0.1,DEMO_ACCOUNT,0.1,C:\Users\Leon\Desktop\QUANT\Data_Center\Data\2_Baseline\Trades\Backtest\DEMO_ACCOUNT\OOS\listOfTrades_AUDJPY_78_3.7.108_BUY_M15_OOS.csv,0.1,4.8,47.99999999999999,505.9199999999999,0.0,505.9199999999999,4.8,4.8,13233.599999999997
1006,AUDJPY,BUY,2025-06-16 05:15:00+00:00,2025-06-16 19:05:40+00:00,93.582,94.232,44.6,44.6,3.7.108,DEMO,OOS,0.0,0.1,0.1,DEMO_ACCOUNT,0.1,C:\Users\Leon\Desktop\QUANT\Data_Center\Data\2_Baseline\Trades\Backtest\DEMO_ACCOUNT\OOS\listOfTrades_AUDJPY_78_3.7.108_BUY_M15_OOS.csv,0.1,4.8,47.99999999999999,2140.7999999999997,0.0,2140.7999999999997,4.8,4.8,15374.399999999996
1008,AUDJPY,BUY,2025-06-17 03:00:00+00:00,2025-06-17 23:45:00+00:00,94.232,94.005,-16.13,-16.13,3.7.108,DEMO,OOS,0.0,0.1,0.1,DEMO_ACCOUNT,0.1,C:\Users\Leon\Desktop\QUANT\Data_Center\Data\2_Baseline\Trades\Backtest\DEMO_ACCOUNT\OOS\listOfTrades_AUDJPY_78_3.7.108_BUY_M15_OOS.csv,0.1,4.8,47.99999999999999,-774.2399999999998,0.0,-774.2399999999998,4.8,4.8,14600.159999999996
1010,AUDJPY,BUY,2025-06-19 03:15:00+00:00,2025-06-19 23:45:00+00:00,94.231,94.231,-0.5,-0.5,3.7.108,DEMO,OOS,0.0,0.1,0.1,DEMO_ACCOUNT,0.1,C:\Users\Leon\Desktop\QUANT\Data_Center\Data\2_Baseline\Trades\Backtest\DEMO_ACCOUNT\OOS\listOfTrades_AUDJPY_78_3.7.108_BUY_M15_OOS.csv,0.1,4.8,47.99999999999999,-23.999999999999996,0.0,-23.999999999999996,4.8,4.8,14576.159999999996
1012,AUDJPY,BUY,2025-06-20 05:00:00+00:00,2025-06-20 23:45:00+00:00,94.129,94.24,7.1,7.1,3.7.108,DEMO,OOS,0.0,0.1,0.1,DEMO_ACCOUNT,0.1,C:\Users\Leon\Desktop\QUANT\Data_Center\Data\2_Baseline\Trades\Backtest\DEMO_ACCOUNT\OOS\listOfTrades_AUDJPY_78_3.7.108_BUY_M15_OOS.csv,0.1,4.8,47.99999999999999,340.79999999999995,0.0,340.79999999999995,4.8,4.8,14916.959999999995
1014,AUDJPY,BUY,2025-06-23 05:15:00+00:00,2025-06-23 23:45:00+00:00,94.174,94.412,15.79,15.79,3.7.108,DEMO,OOS,0.0,0.1,0.1,DEMO_ACCOUNT,0.1,C:\Users\Leon\Desktop\QUANT\Data_Center\Data\2_Baseline\Trades\Backtest\DEMO_ACCOUNT\OOS\listOfTrades_AUDJPY_78_3.7.108_BUY_M15_OOS.csv,0.1,4.8,47.99999999999999,757.9199999999998,0.0,757.9199999999998,4.8,4.8,15674.879999999996
1016,AUDJPY,BUY,2025-06-25 21:15:00+00:00,2025-06-25 23:45:00+00:00,94.513,94.606,5.9,5.9,3.7.108,DEMO,OOS,0.0,0.1,0.1,DEMO_ACCOUNT,0.1,C:\Users\Leon\Desktop\QUANT\Data_Center\Data\2_Baseline\Trades\Backtest\DEMO_ACCOUNT\OOS\listOfTrades_AUDJPY_78_3.7.108_BUY_M15_OOS.csv,0.1,4.8,47.99999999999999,283.2,0.0,283.2,4.8,4.8,15958.079999999996
1018,AUDJPY,BUY,2025-06-26 00:15:00+00:00,2025-06-26 23:45:00+00:00,94.627,94.535,-6.87,-6.87,3.7.108,DEMO,OOS,0.0,0.1,0.1,DEMO_ACCOUNT,0.1,C:\Users\Leon\Desktop\QUANT\Data_Center\Data\2_Baseline\Trades\Backtest\DEMO_ACCOUNT\OOS\listOfTrades_AUDJPY_78_3.7.108_BUY_M15_OOS.csv,0.1,4.8,47.99999999999999,-329.75999999999993,0.0,-329.75999999999993,4.8,4.8,15628.319999999996
1020,AUDJPY,BUY,2025-06-27 00:45:00+00:00,2025-06-27 23:45:00+00:00,94.566,94.457,-8.03,-8.03,3.7.108,DEMO,OOS,0.0,0.1,0.1,DEMO_ACCOUNT,0.1,C:\Users\Leon\Desktop\QUANT\Data_Center\Data\2_Baseline\Trades\Backtest\DEMO_ACCOUNT\OOS\listOfTrades_AUDJPY_78_3.7.108_BUY_M15_OOS.csv,0.1,4.8,47.99999999999999,-385.4399999999999,0.0,-385.4399999999999,4.8,4.8,15242.879999999996
1022,AUDJPY,BUY,2025-07-01 03:00:00+00:00,2025-07-01 23:45:00+00:00,94.582,94.397,-13.4,-13.4,3.7.108,DEMO,OOS,0.0,0.1,0.1,DEMO_ACCOUNT,0.1,C:\Users\Leon\Desktop\QUANT\Data_Center\Data\2_Baseline\Trades\Backtest\DEMO_ACCOUNT\OOS\listOfTrades_AUDJPY_78_3.7.108_BUY_M15_OOS.csv,0.1,4.8,47.99999999999999,-643.1999999999999,0.0,-643.1999999999999,4.8,4.8,14599.679999999995
1024,AUDJPY,BUY,2025-07-02 05:45:00+00:00,2025-07-02 23:45:00+00:00,94.336,94.616,18.99,18.99,3.7.108,DEMO,OOS,0.0,0.1,0.1,DEMO_ACCOUNT,0.1,C:\Users\Leon\Desktop\QUANT\Data_Center\Data\2_Baseline\Trades\Backtest\DEMO_ACCOUNT\OOS\listOfTrades_AUDJPY_78_3.7.108_BUY_M15_OOS.csv,0.1,4.8,47.99999999999999,911.5199999999998,0.0,911.5199999999998,4.8,4.8,15511.199999999995
1026,AUDJPY,BUY,2025-07-03 03:15:00+00:00,2025-07-03 16:39:40+00:00,94.511,95.161,44.38,44.38,3.7.108,DEMO,OOS,0.0,0.1,0.1,DEMO_ACCOUNT,0.1,C:\Users\Leon\Desktop\QUANT\Data_Center\Data\2_Baseline\Trades\Backtest\DEMO_ACCOUNT\OOS\listOfTrades_AUDJPY_78_3.7.108_BUY_M15_OOS.csv,0.1,4.8,47.99999999999999,2130.24,0.0,2130.24,4.8,4.8,17641.439999999995
1028,AUDJPY,BUY,2025-07-04 03:30:00+00:00,2025-07-04 23:45:00+00:00,95.118,94.619,-35.04,-35.04,3.7.108,DEMO,OOS,0.0,0.1,0.1,DEMO_ACCOUNT,0.1,C:\Users\Leon\Desktop\QUANT\Data_Center\Data\2_Baseline\Trades\Backtest\DEMO_ACCOUNT\OOS\listOfTrades_AUDJPY_78_3.7.108_BUY_M15_OOS.csv,0.1,4.8,47.99999999999999,-1681.9199999999996,0.0,-1681.9199999999996,4.8,4.8,15959.519999999995
1030,AUDJPY,BUY,2025-07-08 00:45:30+00:00,2025-07-08 07:30:40+00:00,94.861,95.511,44.03,44.03,3.7.108,DEMO,OOS,0.0,0.1,0.1,DEMO_ACCOUNT,0.1,C:\Users\Leon\Desktop\QUANT\Data_Center\Data\2_Baseline\Trades\Backtest\DEMO_ACCOUNT\OOS\listOfTrades_AUDJPY_78_3.7.108_BUY_M15_OOS.csv,0.1,4.8,47.99999999999999,2113.4399999999996,0.0,2113.4399999999996,4.8,4.8,18072.959999999995
1032,AUDJPY,BUY,2025-07-14 00:15:00+00:00,2025-07-14 23:45:00+00:00,96.689,96.7,0.24,0.24,3.7.108,DEMO,OOS,0.0,0.1,0.1,DEMO_ACCOUNT,0.1,C:\Users\Leon\Desktop\QUANT\Data_Center\Data\2_Baseline\Trades\Backtest\DEMO_ACCOUNT\OOS\listOfTrades_AUDJPY_78_3.7.108_BUY_M15_OOS.csv,0.1,4.8,47.99999999999999,11.519999999999998,0.0,11.519999999999998,4.8,4.8,18084.479999999996
1034,AUDJPY,BUY,2025-07-15 00:05:00+00:00,2025-07-15 23:45:00+00:00,96.78,96.946,10.65,10.65,3.7.108,DEMO,OOS,0.0,0.1,0.1,DEMO_ACCOUNT,0.1,C:\Users\Leon\Desktop\QUANT\Data_Center\Data\2_Baseline\Trades\Backtest\DEMO_ACCOUNT\OOS\listOfTrades_AUDJPY_78_3.7.108_BUY_M15_OOS.csv,0.1,4.8,47.99999999999999,511.19999999999993,0.0,511.19999999999993,4.8,4.8,18595.679999999997
1036,AUDJPY,BUY,2025-07-18 20:30:00+00:00,2025-07-18 23:45:00+00:00,96.807,96.787,-1.84,-1.84,3.7.108,DEMO,OOS,0.0,0.1,0.1,DEMO_ACCOUNT,0.1,C:\Users\Leon\Desktop\QUANT\Data_Center\Data\2_Baseline\Trades\Backtest\DEMO_ACCOUNT\OOS\listOfTrades_AUDJPY_78_3.7.108_BUY_M15_OOS.csv,0.1,4.8,47.99999999999999,-88.32,0.0,-88.32,4.8,4.8,18507.359999999997
1038,AUDJPY,BUY,2025-07-23 18:00:00+00:00,2025-07-23 23:45:00+00:00,96.456,96.694,15.75,15.75,3.7.108,DEMO,OOS,0.0,0.1,0.1,DEMO_ACCOUNT,0.1,C:\Users\Leon\Desktop\QUANT\Data_Center\Data\2_Baseline\Trades\Backtest\DEMO_ACCOUNT\OOS\listOfTrades_AUDJPY_78_3.7.108_BUY_M15_OOS.csv,0.1,4.8,47.99999999999999,755.9999999999999,0.0,755.9999999999999,4.8,4.8,19263.359999999997
1040,AUDJPY,BUY,2025-07-24 04:30:00+00:00,2025-07-24 23:45:00+00:00,96.504,96.819,20.93,20.93,3.7.108,DEMO,OOS,0.0,0.1,0.1,DEMO_ACCOUNT,0.1,C:\Users\Leon\Desktop\QUANT\Data_Center\Data\2_Baseline\Trades\Backtest\DEMO_ACCOUNT\OOS\listOfTrades_AUDJPY_78_3.7.108_BUY_M15_OOS.csv,0.1,4.8,47.99999999999999,1004.6399999999999,0.0,1004.6399999999999,4.8,4.8,20267.999999999996
1042,AUDJPY,BUY,2025-07-25 17:00:00+00:00,2025-07-25 23:45:00+00:00,96.856,96.924,4.11,4.11,3.7.108,DEMO,OOS,0.0,0.1,0.1,DEMO_ACCOUNT,0.1,C:\Users\Leon\Desktop\QUANT\Data_Center\Data\2_Baseline\Trades\Backtest\DEMO_ACCOUNT\OOS\listOfTrades_AUDJPY_78_3.7.108_BUY_M15_OOS.csv,0.1,4.8,47.99999999999999,197.27999999999997,0.0,197.27999999999997,4.8,4.8,20465.279999999995
1044,AUDJPY,BUY,2025-08-06 17:15:00+00:00,2025-08-06 23:45:00+00:00,95.733,95.874,9.06,9.06,3.7.108,DEMO,OOS,0.0,0.1,0.1,DEMO_ACCOUNT,0.1,C:\Users\Leon\Desktop\QUANT\Data_Center\Data\2_Baseline\Trades\Backtest\DEMO_ACCOUNT\OOS\listOfTrades_AUDJPY_78_3.7.108_BUY_M15_OOS.csv,0.1,4.8,47.99999999999999,434.87999999999994,0.0,434.87999999999994,4.8,4.8,20900.159999999996
1046,AUDJPY,BUY,2025-08-07 02:30:00+00:00,2025-08-07 23:45:00+00:00,95.728,95.936,13.64,13.64,3.7.108,DEMO,OOS,0.0,0.1,0.1,DEMO_ACCOUNT,0.1,C:\Users\Leon\Desktop\QUANT\Data_Center\Data\2_Baseline\Trades\Backtest\DEMO_ACCOUNT\OOS\listOfTrades_AUDJPY_78_3.7.108_BUY_M15_OOS.csv,0.1,4.8,47.99999999999999,654.7199999999999,0.0,654.7199999999999,4.8,4.8,21554.879999999997
1048,AUDJPY,BUY,2025-08-11 16:00:00+00:00,2025-08-11 23:45:00+00:00,96.18,96.471,19.15,19.15,3.7.108,DEMO,OOS,0.0,0.1,0.1,DEMO_ACCOUNT,0.1,C:\Users\Leon\Desktop\QUANT\Data_Center\Data\2_Baseline\Trades\Backtest\DEMO_ACCOUNT\OOS\listOfTrades_AUDJPY_78_3.7.108_BUY_M15_OOS.csv,0.1,4.8,47.99999999999999,919.1999999999998,0.0,919.1999999999998,4.8,4.8,22474.079999999998
1050,AUDJPY,BUY,2025-08-13 03:45:00+00:00,2025-08-13 23:45:00+00:00,96.429,96.44,0.25,0.25,3.7.108,DEMO,OOS,0.0,0.1,0.1,DEMO_ACCOUNT,0.1,C:\Users\Leon\Desktop\QUANT\Data_Center\Data\2_Baseline\Trades\Backtest\DEMO_ACCOUNT\OOS\listOfTrades_AUDJPY_78_3.7.108_BUY_M15_OOS.csv,0.1,4.8,47.99999999999999,11.999999999999998,0.0,11.999999999999998,4.8,4.8,22486.079999999998
1052,AUDJPY,BUY,2025-08-18 00:45:00+00:00,2025-08-18 23:45:00+00:00,95.871,95.972,6.33,6.33,3.7.108,DEMO,OOS,0.0,0.1,0.1,DEMO_ACCOUNT,0.1,C:\Users\Leon\Desktop\QUANT\Data_Center\Data\2_Baseline\Trades\Backtest\DEMO_ACCOUNT\OOS\listOfTrades_AUDJPY_78_3.7.108_BUY_M15_OOS.csv,0.1,4.8,47.99999999999999,303.84,0.0,303.84,4.8,4.8,22789.92
1054,AUDJPY,BUY,2025-08-19 00:30:00+00:00,2025-08-19 19:29:40+00:00,96.033,95.333,-47.92,-47.92,3.7.108,DEMO,OOS,0.0,0.1,0.1,DEMO_ACCOUNT,0.1,C:\Users\Leon\Desktop\QUANT\Data_Center\Data\2_Baseline\Trades\Backtest\DEMO_ACCOUNT\OOS\listOfTrades_AUDJPY_78_3.7.108_BUY_M15_OOS.csv,0.1,4.8,47.99999999999999,-2300.16,0.0,-2300.16,4.8,4.8,20489.76
1056,AUDJPY,BUY,2025-08-22 17:30:00+00:00,2025-08-22 23:45:00+00:00,95.3,95.376,4.67,4.67,3.7.108,DEMO,OOS,0.0,0.1,0.1,DEMO_ACCOUNT,0.1,C:\Users\Leon\Desktop\QUANT\Data_Center\Data\2_Baseline\Trades\Backtest\DEMO_ACCOUNT\OOS\listOfTrades_AUDJPY_78_3.7.108_BUY_M15_OOS.csv,0.1,4.8,47.99999999999999,224.15999999999997,0.0,224.15999999999997,4.8,4.8,20713.92
1058,AUDJPY,BUY,2025-08-25 00:30:00+00:00,2025-08-25 23:45:00+00:00,95.401,95.746,22.86,22.86,3.7.108,DEMO,OOS,0.0,0.1,0.1,DEMO_ACCOUNT,0.1,C:\Users\Leon\Desktop\QUANT\Data_Center\Data\2_Baseline\Trades\Backtest\DEMO_ACCOUNT\OOS\listOfTrades_AUDJPY_78_3.7.108_BUY_M15_OOS.csv,0.1,4.8,47.99999999999999,1097.2799999999997,0.0,1097.2799999999997,4.8,4.8,21811.199999999997
1060,AUDJPY,BUY,2025-08-26 03:15:00+00:00,2025-08-26 23:45:00+00:00,95.595,95.746,9.74,9.74,3.7.108,DEMO,OOS,0.0,0.1,0.1,DEMO_ACCOUNT,0.1,C:\Users\Leon\Desktop\QUANT\Data_Center\Data\2_Baseline\Trades\Backtest\DEMO_ACCOUNT\OOS\listOfTrades_AUDJPY_78_3.7.108_BUY_M15_OOS.csv,0.1,4.8,47.99999999999999,467.5199999999999,0.0,467.5199999999999,4.8,4.8,22278.719999999998
1062,AUDJPY,BUY,2025-08-27 00:30:00+00:00,2025-08-27 23:45:00+00:00,95.776,95.919,9.2,9.2,3.7.108,DEMO,OOS,0.0,0.1,0.1,DEMO_ACCOUNT,0.1,C:\Users\Leon\Desktop\QUANT\Data_Center\Data\2_Baseline\Trades\Backtest\DEMO_ACCOUNT\OOS\listOfTrades_AUDJPY_78_3.7.108_BUY_M15_OOS.csv,0.1,4.8,47.99999999999999,441.5999999999999,0.0,441.5999999999999,4.8,4.8,22720.319999999996
1064,AUDJPY,BUY,2025-08-28 00:30:00+00:00,2025-08-28 23:45:00+00:00,95.875,95.977,6.44,6.44,3.7.108,DEMO,OOS,0.0,0.1,0.1,DEMO_ACCOUNT,0.1,C:\Users\Leon\Desktop\QUANT\Data_Center\Data\2_Baseline\Trades\Backtest\DEMO_ACCOUNT\OOS\listOfTrades_AUDJPY_78_3.7.108_BUY_M15_OOS.csv,0.1,4.8,47.99999999999999,309.11999999999995,0.0,309.11999999999995,4.8,4.8,23029.439999999995
1066,AUDJPY,BUY,2025-08-29 00:15:00+00:00,2025-08-29 23:45:00+00:00,95.942,96.169,14.94,14.94,3.7.108,DEMO,OOS,0.0,0.1,0.1,DEMO_ACCOUNT,0.1,C:\Users\Leon\Desktop\QUANT\Data_Center\Data\2_Baseline\Trades\Backtest\DEMO_ACCOUNT\OOS\listOfTrades_AUDJPY_78_3.7.108_BUY_M15_OOS.csv,0.1,4.8,47.99999999999999,717.1199999999999,0.0,717.1199999999999,4.8,4.8,23746.559999999994
1068,AUDJPY,BUY,2025-09-02 00:15:30+00:00,2025-09-02 23:45:00+00:00,96.468,96.731,17.23,17.23,3.7.108,DEMO,OOS,0.0,0.1,0.1,DEMO_ACCOUNT,0.1,C:\Users\Leon\Desktop\QUANT\Data_Center\Data\2_Baseline\Trades\Backtest\DEMO_ACCOUNT\OOS\listOfTrades_AUDJPY_78_3.7.108_BUY_M15_OOS.csv,0.1,4.8,47.99999999999999,827.0399999999998,0.0,827.0399999999998,4.8,4.8,24573.599999999995
1070,AUDJPY,BUY,2025-09-03 18:15:00+00:00,2025-09-03 23:45:00+00:00,96.991,96.908,-6.1,-6.1,3.7.108,DEMO,OOS,0.0,0.1,0.1,DEMO_ACCOUNT,0.1,C:\Users\Leon\Desktop\QUANT\Data_Center\Data\2_Baseline\Trades\Backtest\DEMO_ACCOUNT\OOS\listOfTrades_AUDJPY_78_3.7.108_BUY_M15_OOS.csv,0.1,4.8,47.99999999999999,-292.79999999999995,0.0,-292.79999999999995,4.8,4.8,24280.799999999996
1072,AUDJPY,BUY,2025-09-05 16:00:00+00:00,2025-09-05 23:45:00+00:00,96.808,96.608,-14.07,-14.07,3.7.108,DEMO,OOS,0.0,0.1,0.1,DEMO_ACCOUNT,0.1,C:\Users\Leon\Desktop\QUANT\Data_Center\Data\2_Baseline\Trades\Backtest\DEMO_ACCOUNT\OOS\listOfTrades_AUDJPY_78_3.7.108_BUY_M15_OOS.csv,0.1,4.8,47.99999999999999,-675.3599999999999,0.0,-675.3599999999999,4.8,4.8,23605.439999999995
1074,AUDJPY,BUY,2025-09-08 19:00:00+00:00,2025-09-08 23:45:00+00:00,97.265,97.258,-0.97,-0.97,3.7.108,DEMO,OOS,0.0,0.1,0.1,DEMO_ACCOUNT,0.1,C:\Users\Leon\Desktop\QUANT\Data_Center\Data\2_Baseline\Trades\Backtest\DEMO_ACCOUNT\OOS\listOfTrades_AUDJPY_78_3.7.108_BUY_M15_OOS.csv,0.1,4.8,47.99999999999999,-46.559999999999995,0.0,-46.559999999999995,4.8,4.8,23558.879999999994
1076,AUDJPY,BUY,2025-09-10 22:30:00+00:00,2025-09-10 23:45:00+00:00,97.484,97.493,0.11,0.11,3.7.108,DEMO,OOS,0.0,0.1,0.1,DEMO_ACCOUNT,0.1,C:\Users\Leon\Desktop\QUANT\Data_Center\Data\2_Baseline\Trades\Backtest\DEMO_ACCOUNT\OOS\listOfTrades_AUDJPY_78_3.7.108_BUY_M15_OOS.csv,0.1,4.8,47.99999999999999,5.279999999999999,0.0,5.279999999999999,4.8,4.8,23564.159999999993
1078,AUDJPY,BUY,2025-09-11 05:30:00+00:00,2025-09-11 23:45:00+00:00,97.501,98.036,35.86,35.86,3.7.108,DEMO,OOS,0.0,0.1,0.1,DEMO_ACCOUNT,0.1,C:\Users\Leon\Desktop\QUANT\Data_Center\Data\2_Baseline\Trades\Backtest\DEMO_ACCOUNT\OOS\listOfTrades_AUDJPY_78_3.7.108_BUY_M15_OOS.csv,0.1,4.8,47.99999999999999,1721.2799999999997,0.0,1721.2799999999997,4.8,4.8,25285.43999999999
1080,AUDJPY,BUY,2025-09-12 15:45:00+00:00,2025-09-12 23:45:00+00:00,98.158,98.151,-0.97,-0.97,3.7.108,DEMO,OOS,0.0,0.1,0.1,DEMO_ACCOUNT,0.1,C:\Users\Leon\Desktop\QUANT\Data_Center\Data\2_Baseline\Trades\Backtest\DEMO_ACCOUNT\OOS\listOfTrades_AUDJPY_78_3.7.108_BUY_M15_OOS.csv,0.1,4.8,47.99999999999999,-46.559999999999995,0.0,-46.559999999999995,4.8,4.8,25238.87999999999
1082,AUDJPY,BUY,2025-09-15 00:15:00+00:00,2025-09-15 23:45:00+00:00,98.252,98.322,4.25,4.25,3.7.108,DEMO,OOS,0.0,0.1,0.1,DEMO_ACCOUNT,0.1,C:\Users\Leon\Desktop\QUANT\Data_Center\Data\2_Baseline\Trades\Backtest\DEMO_ACCOUNT\OOS\listOfTrades_AUDJPY_78_3.7.108_BUY_M15_OOS.csv,0.1,4.8,47.99999999999999,203.99999999999997,0.0,203.99999999999997,4.8,4.8,25442.87999999999
1084,AUDJPY,BUY,2025-09-16 05:30:00+00:00,2025-09-16 23:45:00+00:00,98.131,97.925,-14.56,-14.56,3.7.108,DEMO,OOS,0.0,0.1,0.1,DEMO_ACCOUNT,0.1,C:\Users\Leon\Desktop\QUANT\Data_Center\Data\2_Baseline\Trades\Backtest\DEMO_ACCOUNT\OOS\listOfTrades_AUDJPY_78_3.7.108_BUY_M15_OOS.csv,0.1,4.8,47.99999999999999,-698.8799999999999,0.0,-698.8799999999999,4.8,4.8,24743.99999999999
1086,AUDJPY,BUY,2025-09-18 19:30:00+00:00,2025-09-18 23:45:00+00:00,97.857,97.816,-3.27,-3.27,3.7.108,DEMO,OOS,0.0,0.1,0.1,DEMO_ACCOUNT,0.1,C:\Users\Leon\Desktop\QUANT\Data_Center\Data\2_Baseline\Trades\Backtest\DEMO_ACCOUNT\OOS\listOfTrades_AUDJPY_78_3.7.108_BUY_M15_OOS.csv,0.1,4.8,47.99999999999999,-156.95999999999998,0.0,-156.95999999999998,4.8,4.8,24587.03999999999
1088,AUDJPY,BUY,2025-09-19 04:45:00+00:00,2025-09-19 23:45:00+00:00,97.814,97.518,-20.51,-20.51,3.7.108,DEMO,OOS,0.0,0.1,0.1,DEMO_ACCOUNT,0.1,C:\Users\Leon\Desktop\QUANT\Data_Center\Data\2_Baseline\Trades\Backtest\DEMO_ACCOUNT\OOS\listOfTrades_AUDJPY_78_3.7.108_BUY_M15_OOS.csv,0.1,4.8,47.99999999999999,-984.4799999999999,0.0,-984.4799999999999,4.8,4.8,23602.55999999999
1090,AUDJPY,BUY,2025-09-23 20:45:00+00:00,2025-09-23 23:45:00+00:00,97.345,97.391,2.62,2.62,3.7.108,DEMO,OOS,0.0,0.1,0.1,DEMO_ACCOUNT,0.1,C:\Users\Leon\Desktop\QUANT\Data_Center\Data\2_Baseline\Trades\Backtest\DEMO_ACCOUNT\OOS\listOfTrades_AUDJPY_78_3.7.108_BUY_M15_OOS.csv,0.1,4.8,47.99999999999999,125.75999999999999,0.0,125.75999999999999,4.8,4.8,23728.31999999999
1092,AUDJPY,BUY,2025-09-24 19:15:00+00:00,2025-09-24 23:45:00+00:00,97.907,97.977,4.2,4.2,3.7.108,DEMO,OOS,0.0,0.1,0.1,DEMO_ACCOUNT,0.1,C:\Users\Leon\Desktop\QUANT\Data_Center\Data\2_Baseline\Trades\Backtest\DEMO_ACCOUNT\OOS\listOfTrades_AUDJPY_78_3.7.108_BUY_M15_OOS.csv,0.1,4.8,47.99999999999999,201.59999999999997,0.0,201.59999999999997,4.8,4.8,23929.919999999987
1094,AUDJPY,BUY,2025-09-25 00:45:00+00:00,2025-09-25 23:45:00+00:00,98.029,97.948,-5.91,-5.91,3.7.108,DEMO,OOS,0.0,0.1,0.1,DEMO_ACCOUNT,0.1,C:\Users\Leon\Desktop\QUANT\Data_Center\Data\2_Baseline\Trades\Backtest\DEMO_ACCOUNT\OOS\listOfTrades_AUDJPY_78_3.7.108_BUY_M15_OOS.csv,0.1,4.8,47.99999999999999,-283.67999999999995,0.0,-283.67999999999995,4.8,4.8,23646.239999999987
1096,AUDJPY,BUY,2025-09-29 00:45:00+00:00,2025-09-29 23:45:00+00:00,97.951,97.74,-14.7,-14.7,3.7.108,DEMO,OOS,0.0,0.1,0.1,DEMO_ACCOUNT,0.1,C:\Users\Leon\Desktop\QUANT\Data_Center\Data\2_Baseline\Trades\Backtest\DEMO_ACCOUNT\OOS\listOfTrades_AUDJPY_78_3.7.108_BUY_M15_OOS.csv,0.1,4.8,47.99999999999999,-705.5999999999999,0.0,-705.5999999999999,4.8,4.8,22940.63999999999
1098,AUDJPY,BUY,2025-09-30 20:00:00+00:00,2025-09-30 23:45:00+00:00,97.802,97.813,0.24,0.24,3.7.108,DEMO,OOS,0.0,0.1,0.1,DEMO_ACCOUNT,0.1,C:\Users\Leon\Desktop\QUANT\Data_Center\Data\2_Baseline\Trades\Backtest\DEMO_ACCOUNT\OOS\listOfTrades_AUDJPY_78_3.7.108_BUY_M15_OOS.csv,0.1,4.8,47.99999999999999,11.519999999999998,0.0,11.519999999999998,4.8,4.8,22952.15999999999
1100,AUDJPY,BUY,2025-10-01 04:30:00+00:00,2025-10-01 17:00:20+00:00,97.726,97.026,-48.23,-48.23,3.7.108,DEMO,OOS,0.0,0.1,0.1,DEMO_ACCOUNT,0.1,C:\Users\Leon\Desktop\QUANT\Data_Center\Data\2_Baseline\Trades\Backtest\DEMO_ACCOUNT\OOS\listOfTrades_AUDJPY_78_3.7.108_BUY_M15_OOS.csv,0.1,4.8,47.99999999999999,-2315.0399999999995,0.0,-2315.0399999999995,4.8,4.8,20637.119999999988
1102,AUDJPY,BUY,2025-10-06 00:05:00+00:00,2025-10-06 06:43:40+00:00,98.518,99.168,42.83,42.83,3.7.108,DEMO,OOS,0.0,0.1,0.1,DEMO_ACCOUNT,0.1,C:\Users\Leon\Desktop\QUANT\Data_Center\Data\2_Baseline\Trades\Backtest\DEMO_ACCOUNT\OOS\listOfTrades_AUDJPY_78_3.7.108_BUY_M15_OOS.csv,0.1,4.8,47.99999999999999,2055.8399999999997,0.0,2055.8399999999997,4.8,4.8,22692.95999999999
1104,AUDJPY,BUY,2025-10-07 15:30:00+00:00,2025-10-07 21:39:40+00:00,99.378,100.028,42.3,42.3,3.7.108,DEMO,OOS,0.0,0.1,0.1,DEMO_ACCOUNT,0.1,C:\Users\Leon\Desktop\QUANT\Data_Center\Data\2_Baseline\Trades\Backtest\DEMO_ACCOUNT\OOS\listOfTrades_AUDJPY_78_3.7.108_BUY_M15_OOS.csv,0.1,4.8,47.99999999999999,2030.3999999999996,0.0,2030.3999999999996,4.8,4.8,24723.359999999986
1106,AUDJPY,BUY,2025-10-09 17:30:00+00:00,2025-10-09 23:45:00+00:00,100.577,100.324,-17.03,-17.03,3.7.108,DEMO,OOS,0.0,0.1,0.1,DEMO_ACCOUNT,0.1,C:\Users\Leon\Desktop\QUANT\Data_Center\Data\2_Baseline\Trades\Backtest\DEMO_ACCOUNT\OOS\listOfTrades_AUDJPY_78_3.7.108_BUY_M15_OOS.csv,0.1,4.8,47.99999999999999,-817.4399999999999,0.0,-817.4399999999999,4.8,4.8,23905.919999999987
1108,AUDJPY,BUY,2025-10-14 00:15:00+00:00,2025-10-14 07:11:40+00:00,99.273,98.573,-46.57,-46.57,3.7.108,DEMO,OOS,0.0,0.1,0.1,DEMO_ACCOUNT,0.1,C:\Users\Leon\Desktop\QUANT\Data_Center\Data\2_Baseline\Trades\Backtest\DEMO_ACCOUNT\OOS\listOfTrades_AUDJPY_78_3.7.108_BUY_M15_OOS.csv,0.1,4.8,47.99999999999999,-2235.3599999999997,0.0,-2235.3599999999997,4.8,4.8,21670.559999999987
1110,AUDJPY,BUY,2025-10-16 16:30:00+00:00,2025-10-16 19:32:40+00:00,98.206,97.506,-47.01,-47.01,3.7.108,DEMO,OOS,0.0,0.1,0.1,DEMO_ACCOUNT,0.1,C:\Users\Leon\Desktop\QUANT\Data_Center\Data\2_Baseline\Trades\Backtest\DEMO_ACCOUNT\OOS\listOfTrades_AUDJPY_78_3.7.108_BUY_M15_OOS.csv,0.1,4.8,47.99999999999999,-2256.4799999999996,0.0,-2256.4799999999996,4.8,4.8,19414.079999999987
1112,AUDJPY,BUY,2025-10-22 00:30:00+00:00,2025-10-22 23:45:00+00:00,98.61,98.582,-2.34,-2.34,3.7.108,DEMO,OOS,0.0,0.1,0.1,DEMO_ACCOUNT,0.1,C:\Users\Leon\Desktop\QUANT\Data_Center\Data\2_Baseline\Trades\Backtest\DEMO_ACCOUNT\OOS\listOfTrades_AUDJPY_78_3.7.108_BUY_M15_OOS.csv,0.1,4.8,47.99999999999999,-112.31999999999998,0.0,-112.31999999999998,4.8,4.8,19301.759999999987
1114,AUDJPY,BUY,2025-10-24 00:15:00+00:00,2025-10-24 23:45:00+00:00,99.364,99.506,8.79,8.79,3.7.108,DEMO,OOS,0.0,0.1,0.1,DEMO_ACCOUNT,0.1,C:\Users\Leon\Desktop\QUANT\Data_Center\Data\2_Baseline\Trades\Backtest\DEMO_ACCOUNT\OOS\listOfTrades_AUDJPY_78_3.7.108_BUY_M15_OOS.csv,0.1,4.8,47.99999999999999,421.9199999999999,0.0,421.9199999999999,4.8,4.8,19723.679999999986
1116,AUDJPY,BUY,2025-10-28 00:05:00+00:00,2025-10-28 11:32:40+00:00,100.212,99.512,-46.56,-46.56,3.7.108,DEMO,OOS,0.0,0.1,0.1,DEMO_ACCOUNT,0.1,C:\Users\Leon\Desktop\QUANT\Data_Center\Data\2_Baseline\Trades\Backtest\DEMO_ACCOUNT\OOS\listOfTrades_AUDJPY_78_3.7.108_BUY_M15_OOS.csv,0.1,4.8,47.99999999999999,-2234.8799999999997,0.0,-2234.8799999999997,4.8,4.8,17488.799999999985
1118,AUDJPY,BUY,2025-10-29 03:15:00+00:00,2025-10-29 08:21:40+00:00,99.828,100.478,42.18,42.18,3.7.108,DEMO,OOS,0.0,0.1,0.1,DEMO_ACCOUNT,0.1,C:\Users\Leon\Desktop\QUANT\Data_Center\Data\2_Baseline\Trades\Backtest\DEMO_ACCOUNT\OOS\listOfTrades_AUDJPY_78_3.7.108_BUY_M15_OOS.csv,0.1,4.8,47.99999999999999,2024.6399999999996,0.0,2024.6399999999996,4.8,4.8,19513.439999999984
1120,AUDJPY,BUY,2025-10-30 22:15:00+00:00,2025-10-30 23:45:00+00:00,100.926,100.997,4.11,4.11,3.7.108,DEMO,OOS,0.0,0.1,0.1,DEMO_ACCOUNT,0.1,C:\Users\Leon\Desktop\QUANT\Data_Center\Data\2_Baseline\Trades\Backtest\DEMO_ACCOUNT\OOS\listOfTrades_AUDJPY_78_3.7.108_BUY_M15_OOS.csv,0.1,4.8,47.99999999999999,197.27999999999997,0.0,197.27999999999997,4.8,4.8,19710.719999999983
1122,AUDJPY,BUY,2025-10-31 02:45:00+00:00,2025-10-31 23:45:00+00:00,100.92,100.829,-6.41,-6.41,3.7.108,DEMO,OOS,0.0,0.1,0.1,DEMO_ACCOUNT,0.1,C:\Users\Leon\Desktop\QUANT\Data_Center\Data\2_Baseline\Trades\Backtest\DEMO_ACCOUNT\OOS\listOfTrades_AUDJPY_78_3.7.108_BUY_M15_OOS.csv,0.1,4.8,47.99999999999999,-307.67999999999995,0.0,-307.67999999999995,4.8,4.8,19403.039999999983
1124,AUDJPY,BUY,2025-11-04 04:45:00+00:00,2025-11-04 08:23:40+00:00,100.605,99.905,-46.08,-46.08,3.7.108,DEMO,OOS,0.0,0.1,0.1,DEMO_ACCOUNT,0.1,C:\Users\Leon\Desktop\QUANT\Data_Center\Data\2_Baseline\Trades\Backtest\DEMO_ACCOUNT\OOS\listOfTrades_AUDJPY_78_3.7.108_BUY_M15_OOS.csv,0.1,4.8,47.99999999999999,-2211.8399999999997,0.0,-2211.8399999999997,4.8,4.8,17191.199999999983
1126,AUDJPY,BUY,2025-11-06 03:00:00+00:00,2025-11-06 17:00:40+00:00,100.114,99.414,-46.13,-46.13,3.7.108,DEMO,OOS,0.0,0.1,0.1,DEMO_ACCOUNT,0.1,C:\Users\Leon\Desktop\QUANT\Data_Center\Data\2_Baseline\Trades\Backtest\DEMO_ACCOUNT\OOS\listOfTrades_AUDJPY_78_3.7.108_BUY_M15_OOS.csv,0.1,4.8,47.99999999999999,-2214.24,0.0,-2214.24,4.8,4.8,14976.959999999983
1128,AUDJPY,BUY,2025-11-07 17:30:00+00:00,2025-11-07 23:45:00+00:00,99.234,99.663,27.45,27.45,3.7.108,DEMO,OOS,0.0,0.1,0.1,DEMO_ACCOUNT,0.1,C:\Users\Leon\Desktop\QUANT\Data_Center\Data\2_Baseline\Trades\Backtest\DEMO_ACCOUNT\OOS\listOfTrades_AUDJPY_78_3.7.108_BUY_M15_OOS.csv,0.1,4.8,47.99999999999999,1317.5999999999997,0.0,1317.5999999999997,4.8,4.8,16294.559999999983
1130,AUDJPY,BUY,2025-11-10 17:00:00+00:00,2025-11-10 23:45:00+00:00,100.577,100.748,10.6,10.6,3.7.108,DEMO,OOS,0.0,0.1,0.1,DEMO_ACCOUNT,0.1,C:\Users\Leon\Desktop\QUANT\Data_Center\Data\2_Baseline\Trades\Backtest\DEMO_ACCOUNT\OOS\listOfTrades_AUDJPY_78_3.7.108_BUY_M15_OOS.csv,0.1,4.8,47.99999999999999,508.7999999999999,0.0,508.7999999999999,4.8,4.8,16803.359999999982
1132,AUDJPY,BUY,2025-11-11 15:00:00+00:00,2025-11-11 23:45:00+00:00,100.575,100.625,2.74,2.74,3.7.108,DEMO,OOS,0.0,0.1,0.1,DEMO_ACCOUNT,0.1,C:\Users\Leon\Desktop\QUANT\Data_Center\Data\2_Baseline\Trades\Backtest\DEMO_ACCOUNT\OOS\listOfTrades_AUDJPY_78_3.7.108_BUY_M15_OOS.csv,0.1,4.8,47.99999999999999,131.51999999999998,0.0,131.51999999999998,4.8,4.8,16934.879999999983
1134,AUDJPY,BUY,2025-11-12 00:45:00+00:00,2025-11-12 10:53:20+00:00,100.617,101.267,41.51,41.51,3.7.108,DEMO,OOS,0.0,0.1,0.1,DEMO_ACCOUNT,0.1,C:\Users\Leon\Desktop\QUANT\Data_Center\Data\2_Baseline\Trades\Backtest\DEMO_ACCOUNT\OOS\listOfTrades_AUDJPY_78_3.7.108_BUY_M15_OOS.csv,0.1,4.8,47.99999999999999,1992.4799999999996,0.0,1992.4799999999996,4.8,4.8,18927.359999999982
1136,AUDJPY,BUY,2025-11-13 01:00:00+00:00,2025-11-13 09:43:40+00:00,101.171,101.821,41.48,41.48,3.7.108,DEMO,OOS,0.0,0.1,0.1,DEMO_ACCOUNT,0.1,C:\Users\Leon\Desktop\QUANT\Data_Center\Data\2_Baseline\Trades\Backtest\DEMO_ACCOUNT\OOS\listOfTrades_AUDJPY_78_3.7.108_BUY_M15_OOS.csv,0.1,4.8,47.99999999999999,1991.0399999999995,0.0,1991.0399999999995,4.8,4.8,20918.399999999983
1138,AUDJPY,BUY,2025-11-17 21:15:00+00:00,2025-11-17 23:45:00+00:00,100.77,100.769,-0.56,-0.56,3.7.108,DEMO,OOS,0.0,0.1,0.1,DEMO_ACCOUNT,0.1,C:\Users\Leon\Desktop\QUANT\Data_Center\Data\2_Baseline\Trades\Backtest\DEMO_ACCOUNT\OOS\listOfTrades_AUDJPY_78_3.7.108_BUY_M15_OOS.csv,0.1,4.8,47.99999999999999,-26.88,0.0,-26.88,4.8,4.8,20891.519999999982
1140,AUDJPY,BUY,2025-11-18 18:00:00+00:00,2025-11-18 20:02:00+00:00,100.725,101.375,41.25,41.25,3.7.108,DEMO,OOS,0.0,0.1,0.1,DEMO_ACCOUNT,0.1,C:\Users\Leon\Desktop\QUANT\Data_Center\Data\2_Baseline\Trades\Backtest\DEMO_ACCOUNT\OOS\listOfTrades_AUDJPY_78_3.7.108_BUY_M15_OOS.csv,0.1,4.8,47.99999999999999,1979.9999999999998,0.0,1979.9999999999998,4.8,4.8,22871.519999999982
1142,AUDJPY,BUY,2025-11-19 02:45:00+00:00,2025-11-19 23:31:40+00:00,101.104,101.754,40.87,40.87,3.7.108,DEMO,OOS,0.0,0.1,0.1,DEMO_ACCOUNT,0.1,C:\Users\Leon\Desktop\QUANT\Data_Center\Data\2_Baseline\Trades\Backtest\DEMO_ACCOUNT\OOS\listOfTrades_AUDJPY_78_3.7.108_BUY_M15_OOS.csv,0.1,4.8,47.99999999999999,1961.7599999999995,0.0,1961.7599999999995,4.8,4.8,24833.27999999998
1144,AUDJPY,BUY,2025-11-20 18:45:00+00:00,2025-11-20 23:45:00+00:00,101.734,101.444,-18.91,-18.91,3.7.108,DEMO,OOS,0.0,0.1,0.1,DEMO_ACCOUNT,0.1,C:\Users\Leon\Desktop\QUANT\Data_Center\Data\2_Baseline\Trades\Backtest\DEMO_ACCOUNT\OOS\listOfTrades_AUDJPY_78_3.7.108_BUY_M15_OOS.csv,0.1,4.8,47.99999999999999,-907.6799999999998,0.0,-907.6799999999998,4.8,4.8,23925.59999999998
1146,AUDJPY,BUY,2025-11-25 03:15:00+00:00,2025-11-25 16:43:40+00:00,101.291,100.591,-45.32,-45.32,3.7.108,DEMO,OOS,0.0,0.1,0.1,DEMO_ACCOUNT,0.1,C:\Users\Leon\Desktop\QUANT\Data_Center\Data\2_Baseline\Trades\Backtest\DEMO_ACCOUNT\OOS\listOfTrades_AUDJPY_78_3.7.108_BUY_M15_OOS.csv,0.1,4.8,47.99999999999999,-2175.3599999999997,0.0,-2175.3599999999997,4.8,4.8,21750.23999999998
1148,AUDJPY,BUY,2025-11-27 02:45:00+00:00,2025-11-27 23:45:00+00:00,101.843,102.09,15.3,15.3,3.7.108,DEMO,OOS,0.0,0.1,0.1,DEMO_ACCOUNT,0.1,C:\Users\Leon\Desktop\QUANT\Data_Center\Data\2_Baseline\Trades\Backtest\DEMO_ACCOUNT\OOS\listOfTrades_AUDJPY_78_3.7.108_BUY_M15_OOS.csv,0.1,4.8,47.99999999999999,734.4,0.0,734.4,4.8,4.8,22484.63999999998
1150,AUDJPY,BUY,2025-12-01 00:45:00+00:00,2025-12-01 14:12:20+00:00,102.263,101.563,-45.64,-45.64,3.7.108,DEMO,OOS,0.0,0.1,0.1,DEMO_ACCOUNT,0.1,C:\Users\Leon\Desktop\QUANT\Data_Center\Data\2_Baseline\Trades\Backtest\DEMO_ACCOUNT\OOS\listOfTrades_AUDJPY_78_3.7.108_BUY_M15_OOS.csv,0.1,4.8,47.99999999999999,-2190.72,0.0,-2190.72,4.8,4.8,20293.91999999998
1152,AUDJPY,BUY,2025-12-03 16:15:00+00:00,2025-12-03 23:45:00+00:00,102.195,102.45,15.93,15.93,3.7.108,DEMO,OOS,0.0,0.1,0.1,DEMO_ACCOUNT,0.1,C:\Users\Leon\Desktop\QUANT\Data_Center\Data\2_Baseline\Trades\Backtest\DEMO_ACCOUNT\OOS\listOfTrades_AUDJPY_78_3.7.108_BUY_M15_OOS.csv,0.1,4.8,47.99999999999999,764.6399999999999,0.0,764.6399999999999,4.8,4.8,21058.55999999998
1154,AUDJPY,BUY,2025-12-08 00:45:00+00:00,2025-12-08 23:45:00+00:00,103.051,103.283,14.38,14.38,3.7.108,DEMO,OOS,0.0,0.1,0.1,DEMO_ACCOUNT,0.1,C:\Users\Leon\Desktop\QUANT\Data_Center\Data\2_Baseline\Trades\Backtest\DEMO_ACCOUNT\OOS\listOfTrades_AUDJPY_78_3.7.108_BUY_M15_OOS.csv,0.1,4.8,47.99999999999999,690.2399999999999,0.0,690.2399999999999,4.8,4.8,21748.79999999998
1156,AUDJPY,BUY,2025-12-09 05:45:00+00:00,2025-12-09 10:19:40+00:00,103.109,103.759,41.09,41.09,3.7.108,DEMO,OOS,0.0,0.1,0.1,DEMO_ACCOUNT,0.1,C:\Users\Leon\Desktop\QUANT\Data_Center\Data\2_Baseline\Trades\Backtest\DEMO_ACCOUNT\OOS\listOfTrades_AUDJPY_78_3.7.108_BUY_M15_OOS.csv,0.1,4.8,47.99999999999999,1972.32,0.0,1972.32,4.8,4.8,23721.11999999998
1158,AUDJPY,BUY,2025-12-10 03:30:00+00:00,2025-12-10 23:45:00+00:00,104.014,104.189,10.71,10.71,3.7.108,DEMO,OOS,0.0,0.1,0.1,DEMO_ACCOUNT,0.1,C:\Users\Leon\Desktop\QUANT\Data_Center\Data\2_Baseline\Trades\Backtest\DEMO_ACCOUNT\OOS\listOfTrades_AUDJPY_78_3.7.108_BUY_M15_OOS.csv,0.1,4.8,47.99999999999999,514.0799999999999,0.0,514.0799999999999,4.8,4.8,24235.199999999983
1160,AUDJPY,BUY,2025-12-11 01:45:00+00:00,2025-12-11 23:45:00+00:00,103.867,103.7,-11.24,-11.24,3.7.108,DEMO,OOS,0.0,0.1,0.1,DEMO_ACCOUNT,0.1,C:\Users\Leon\Desktop\QUANT\Data_Center\Data\2_Baseline\Trades\Backtest\DEMO_ACCOUNT\OOS\listOfTrades_AUDJPY_78_3.7.108_BUY_M15_OOS.csv,0.1,4.8,47.99999999999999,-539.52,0.0,-539.52,4.8,4.8,23695.679999999982
1162,AUDJPY,BUY,2025-12-12 17:30:00+00:00,2025-12-12 23:45:00+00:00,103.582,103.608,1.17,1.17,3.7.108,DEMO,OOS,0.0,0.1,0.1,DEMO_ACCOUNT,0.1,C:\Users\Leon\Desktop\QUANT\Data_Center\Data\2_Baseline\Trades\Backtest\DEMO_ACCOUNT\OOS\listOfTrades_AUDJPY_78_3.7.108_BUY_M15_OOS.csv,0.1,4.8,47.99999999999999,56.15999999999999,0.0,56.15999999999999,4.8,4.8,23751.839999999982
1164,AUDJPY,BUY,2025-12-17 18:15:00+00:00,2025-12-17 23:45:00+00:00,102.769,102.799,1.43,1.43,3.7.108,DEMO,OOS,0.0,0.1,0.1,DEMO_ACCOUNT,0.1,C:\Users\Leon\Desktop\QUANT\Data_Center\Data\2_Baseline\Trades\Backtest\DEMO_ACCOUNT\OOS\listOfTrades_AUDJPY_78_3.7.108_BUY_M15_OOS.csv,0.1,4.8,47.99999999999999,68.63999999999999,0.0,68.63999999999999,4.8,4.8,23820.47999999998
1166,AUDJPY,BUY,2025-12-18 18:00:00+00:00,2025-12-18 23:45:00+00:00,102.897,102.84,-4.16,-4.16,3.7.108,DEMO,OOS,0.0,0.1,0.1,DEMO_ACCOUNT,0.1,C:\Users\Leon\Desktop\QUANT\Data_Center\Data\2_Baseline\Trades\Backtest\DEMO_ACCOUNT\OOS\listOfTrades_AUDJPY_78_3.7.108_BUY_M15_OOS.csv,0.1,4.8,47.99999999999999,-199.67999999999998,0.0,-199.67999999999998,4.8,4.8,23620.79999999998
1168,AUDJPY,BUY,2025-12-22 16:45:00+00:00,2025-12-22 23:45:00+00:00,104.359,104.546,11.41,11.41,3.7.108,DEMO,OOS,0.0,0.1,0.1,DEMO_ACCOUNT,0.1,C:\Users\Leon\Desktop\QUANT\Data_Center\Data\2_Baseline\Trades\Backtest\DEMO_ACCOUNT\OOS\listOfTrades_AUDJPY_78_3.7.108_BUY_M15_OOS.csv,0.1,4.8,47.99999999999999,547.68,0.0,547.68,4.8,4.8,24168.47999999998
1170,AUDJPY,BUY,2025-12-23 02:00:00+00:00,2025-12-23 23:45:00+00:00,104.447,104.662,13.26,13.26,3.7.108,DEMO,OOS,0.0,0.1,0.1,DEMO_ACCOUNT,0.1,C:\Users\Leon\Desktop\QUANT\Data_Center\Data\2_Baseline\Trades\Backtest\DEMO_ACCOUNT\OOS\listOfTrades_AUDJPY_78_3.7.108_BUY_M15_OOS.csv,0.1,4.8,47.99999999999999,636.4799999999999,0.0,636.4799999999999,4.8,4.8,24804.95999999998
1172,AUDJPY,BUY,2025-12-24 03:30:00+00:00,2025-12-24 23:45:00+00:00,104.417,104.44,0.98,0.98,3.7.108,DEMO,OOS,0.0,0.1,0.1,DEMO_ACCOUNT,0.1,C:\Users\Leon\Desktop\QUANT\Data_Center\Data\2_Baseline\Trades\Backtest\DEMO_ACCOUNT\OOS\listOfTrades_AUDJPY_78_3.7.108_BUY_M15_OOS.csv,0.1,4.8,47.99999999999999,47.03999999999999,0.0,47.03999999999999,4.8,4.8,24851.99999999998
1174,AUDJPY,BUY,2025-12-29 00:45:00+00:00,2025-12-29 18:40:40+00:00,105.061,104.361,-45.36,-45.36,3.7.108,DEMO,OOS,0.0,0.1,0.1,DEMO_ACCOUNT,0.1,C:\Users\Leon\Desktop\QUANT\Data_Center\Data\2_Baseline\Trades\Backtest\DEMO_ACCOUNT\OOS\listOfTrades_AUDJPY_78_3.7.108_BUY_M15_OOS.csv,0.1,4.8,47.99999999999999,-2177.2799999999997,0.0,-2177.2799999999997,4.8,4.8,22674.719999999983
1176,AUDJPY,BUY,2025-12-31 00:30:00+00:00,2025-12-31 23:45:00+00:00,104.737,104.584,-10.26,-10.26,3.7.108,DEMO,OOS,0.0,0.1,0.1,DEMO_ACCOUNT,0.1,C:\Users\Leon\Desktop\QUANT\Data_Center\Data\2_Baseline\Trades\Backtest\DEMO_ACCOUNT\OOS\listOfTrades_AUDJPY_78_3.7.108_BUY_M15_OOS.csv,0.1,4.8,47.99999999999999,-492.4799999999999,0.0,-492.4799999999999,4.8,4.8,22182.239999999983
1178,AUDJPY,BUY,2026-01-02 15:15:00+00:00,2026-01-02 23:45:00+00:00,105.001,104.977,-2.03,-2.03,3.7.108,DEMO,OOS,0.0,0.1,0.1,DEMO_ACCOUNT,0.1,C:\Users\Leon\Desktop\QUANT\Data_Center\Data\2_Baseline\Trades\Backtest\DEMO_ACCOUNT\OOS\listOfTrades_AUDJPY_78_3.7.108_BUY_M15_OOS.csv,0.1,4.8,47.99999999999999,-97.43999999999997,0.0,-97.43999999999997,4.8,4.8,22084.799999999985
1180,AUDJPY,BUY,2026-01-05 00:45:00+00:00,2026-01-05 23:45:00+00:00,104.894,105.002,6.41,6.41,3.7.108,DEMO,OOS,0.0,0.1,0.1,DEMO_ACCOUNT,0.1,C:\Users\Leon\Desktop\QUANT\Data_Center\Data\2_Baseline\Trades\Backtest\DEMO_ACCOUNT\OOS\listOfTrades_AUDJPY_78_3.7.108_BUY_M15_OOS.csv,0.1,4.8,47.99999999999999,307.67999999999995,0.0,307.67999999999995,4.8,4.8,22392.479999999985
1182,AUDJPY,BUY,2026-01-07 22:45:00+00:00,2026-01-07 23:45:00+00:00,105.41,105.349,-4.39,-4.39,3.7.108,DEMO,OOS,0.0,0.1,0.1,DEMO_ACCOUNT,0.1,C:\Users\Leon\Desktop\QUANT\Data_Center\Data\2_Baseline\Trades\Backtest\DEMO_ACCOUNT\OOS\listOfTrades_AUDJPY_78_3.7.108_BUY_M15_OOS.csv,0.1,4.8,47.99999999999999,-210.71999999999994,0.0,-210.71999999999994,4.8,4.8,22181.759999999984
1184,AUDJPY,BUY,2026-01-08 05:00:00+00:00,2026-01-08 23:45:00+00:00,105.276,105.086,-12.61,-12.61,3.7.108,DEMO,OOS,0.0,0.1,0.1,DEMO_ACCOUNT,0.1,C:\Users\Leon\Desktop\QUANT\Data_Center\Data\2_Baseline\Trades\Backtest\DEMO_ACCOUNT\OOS\listOfTrades_AUDJPY_78_3.7.108_BUY_M15_OOS.csv,0.1,4.8,47.99999999999999,-605.2799999999999,0.0,-605.2799999999999,4.8,4.8,21576.479999999985
1186,AUDJPY,BUY,2026-01-09 15:00:00+00:00,2026-01-09 23:45:00+00:00,105.246,105.601,21.98,21.98,3.7.108,DEMO,OOS,0.0,0.1,0.1,DEMO_ACCOUNT,0.1,C:\Users\Leon\Desktop\QUANT\Data_Center\Data\2_Baseline\Trades\Backtest\DEMO_ACCOUNT\OOS\listOfTrades_AUDJPY_78_3.7.108_BUY_M15_OOS.csv,0.1,4.8,47.99999999999999,1055.04,0.0,1055.04,4.8,4.8,22631.519999999986
1188,AUDJPY,BUY,2026-01-13 01:00:00+00:00,2026-01-13 23:45:00+00:00,106.067,106.314,15.02,15.02,3.7.108,DEMO,OOS,0.0,0.1,0.1,DEMO_ACCOUNT,0.1,C:\Users\Leon\Desktop\QUANT\Data_Center\Data\2_Baseline\Trades\Backtest\DEMO_ACCOUNT\OOS\listOfTrades_AUDJPY_78_3.7.108_BUY_M15_OOS.csv,0.1,4.8,47.99999999999999,720.9599999999999,0.0,720.9599999999999,4.8,4.8,23352.479999999985
1190,AUDJPY,BUY,2026-01-16 04:15:00+00:00,2026-01-16 23:45:00+00:00,106.18,105.629,-35.35,-35.35,3.7.108,DEMO,OOS,0.0,0.1,0.1,DEMO_ACCOUNT,0.1,C:\Users\Leon\Desktop\QUANT\Data_Center\Data\2_Baseline\Trades\Backtest\DEMO_ACCOUNT\OOS\listOfTrades_AUDJPY_78_3.7.108_BUY_M15_OOS.csv,0.1,4.8,47.99999999999999,-1696.7999999999997,0.0,-1696.7999999999997,4.8,4.8,21655.679999999986
1192,AUDJPY,BUY,2026-01-20 03:15:00+00:00,2026-01-20 08:19:40+00:00,105.962,106.612,40.59,40.59,3.7.108,DEMO,OOS,0.0,0.1,0.1,DEMO_ACCOUNT,0.1,C:\Users\Leon\Desktop\QUANT\Data_Center\Data\2_Baseline\Trades\Backtest\DEMO_ACCOUNT\OOS\listOfTrades_AUDJPY_78_3.7.108_BUY_M15_OOS.csv,0.1,4.8,47.99999999999999,1948.32,0.0,1948.32,4.8,4.8,23603.999999999985
1194,AUDJPY,BUY,2026-01-21 03:30:00+00:00,2026-01-21 17:00:40+00:00,106.461,107.111,40.62,40.62,3.7.108,DEMO,OOS,0.0,0.1,0.1,DEMO_ACCOUNT,0.1,C:\Users\Leon\Desktop\QUANT\Data_Center\Data\2_Baseline\Trades\Backtest\DEMO_ACCOUNT\OOS\listOfTrades_AUDJPY_78_3.7.108_BUY_M15_OOS.csv,0.1,4.8,47.99999999999999,1949.7599999999995,0.0,1949.7599999999995,4.8,4.8,25553.759999999984
1196,AUDJPY,BUY,2026-01-23 19:15:00+00:00,2026-01-23 20:40:40+00:00,108.084,107.384,-45.33,-45.33,3.7.108,DEMO,OOS,0.0,0.1,0.1,DEMO_ACCOUNT,0.1,C:\Users\Leon\Desktop\QUANT\Data_Center\Data\2_Baseline\Trades\Backtest\DEMO_ACCOUNT\OOS\listOfTrades_AUDJPY_78_3.7.108_BUY_M15_OOS.csv,0.1,4.8,47.99999999999999,-2175.8399999999997,0.0,-2175.8399999999997,4.8,4.8,23377.919999999984
1198,AUDJPY,BUY,2026-01-27 20:45:00+00:00,2026-01-27 23:45:00+00:00,106.508,106.746,15.14,15.14,3.7.108,DEMO,OOS,0.0,0.1,0.1,DEMO_ACCOUNT,0.1,C:\Users\Leon\Desktop\QUANT\Data_Center\Data\2_Baseline\Trades\Backtest\DEMO_ACCOUNT\OOS\listOfTrades_AUDJPY_78_3.7.108_BUY_M15_OOS.csv,0.1,4.8,47.99999999999999,726.7199999999999,0.0,726.7199999999999,4.8,4.8,24104.639999999985
1200,AUDJPY,BUY,2026-01-28 15:15:00+00:00,2026-01-28 18:01:40+00:00,106.781,107.431,41.86,41.86,3.7.108,DEMO,OOS,0.0,0.1,0.1,DEMO_ACCOUNT,0.1,C:\Users\Leon\Desktop\QUANT\Data_Center\Data\2_Baseline\Trades\Backtest\DEMO_ACCOUNT\OOS\listOfTrades_AUDJPY_78_3.7.108_BUY_M15_OOS.csv,0.1,4.8,47.99999999999999,2009.2799999999997,0.0,2009.2799999999997,4.8,4.8,26113.919999999984
1202,AUDJPY,BUY,2026-01-29 17:15:00+00:00,2026-01-29 17:29:40+00:00,107.694,106.994,-46.1,-46.1,3.7.108,DEMO,OOS,0.0,0.1,0.1,DEMO_ACCOUNT,0.1,C:\Users\Leon\Desktop\QUANT\Data_Center\Data\2_Baseline\Trades\Backtest\DEMO_ACCOUNT\OOS\listOfTrades_AUDJPY_78_3.7.108_BUY_M15_OOS.csv,0.1,4.8,47.99999999999999,-2212.7999999999997,0.0,-2212.7999999999997,4.8,4.8,23901.119999999984
1204,AUDJPY,BUY,2026-01-30 04:30:00+00:00,2026-01-30 13:51:40+00:00,107.41,108.06,41.72,41.72,3.7.108,DEMO,OOS,0.0,0.1,0.1,DEMO_ACCOUNT,0.1,C:\Users\Leon\Desktop\QUANT\Data_Center\Data\2_Baseline\Trades\Backtest\DEMO_ACCOUNT\OOS\listOfTrades_AUDJPY_78_3.7.108_BUY_M15_OOS.csv,0.1,4.8,47.99999999999999,2002.5599999999997,0.0,2002.5599999999997,4.8,4.8,25903.679999999986
1206,AUDJPY,BUY,2026-02-02 05:15:00+00:00,2026-02-02 08:23:40+00:00,107.694,106.994,-45.71,-45.71,3.7.108,DEMO,OOS,0.0,0.1,0.1,DEMO_ACCOUNT,0.1,C:\Users\Leon\Desktop\QUANT\Data_Center\Data\2_Baseline\Trades\Backtest\DEMO_ACCOUNT\OOS\listOfTrades_AUDJPY_78_3.7.108_BUY_M15_OOS.csv,0.1,4.8,47.99999999999999,-2194.08,0.0,-2194.08,4.8,4.8,23709.599999999984
1208,AUDJPY,BUY,2026-02-03 17:15:00+00:00,2026-02-03 23:45:00+00:00,108.966,109.359,24.73,24.73,3.7.108,DEMO,OOS,0.0,0.1,0.1,DEMO_ACCOUNT,0.1,C:\Users\Leon\Desktop\QUANT\Data_Center\Data\2_Baseline\Trades\Backtest\DEMO_ACCOUNT\OOS\listOfTrades_AUDJPY_78_3.7.108_BUY_M15_OOS.csv,0.1,4.8,47.99999999999999,1187.0399999999997,0.0,1187.0399999999997,4.8,4.8,24896.639999999985
1210,AUDJPY,BUY,2026-02-04 17:00:00+00:00,2026-02-04 23:45:00+00:00,109.764,109.822,3.2,3.2,3.7.108,DEMO,OOS,0.0,0.1,0.1,DEMO_ACCOUNT,0.1,C:\Users\Leon\Desktop\QUANT\Data_Center\Data\2_Baseline\Trades\Backtest\DEMO_ACCOUNT\OOS\listOfTrades_AUDJPY_78_3.7.108_BUY_M15_OOS.csv,0.1,4.8,47.99999999999999,153.6,0.0,153.6,4.8,4.8,25050.239999999983
1212,AUDJPY,BUY,2026-02-05 04:30:00+00:00,2026-02-05 17:32:40+00:00,109.46,108.76,-45.18,-45.18,3.7.108,DEMO,OOS,0.0,0.1,0.1,DEMO_ACCOUNT,0.1,C:\Users\Leon\Desktop\QUANT\Data_Center\Data\2_Baseline\Trades\Backtest\DEMO_ACCOUNT\OOS\listOfTrades_AUDJPY_78_3.7.108_BUY_M15_OOS.csv,0.1,4.8,47.99999999999999,-2168.64,0.0,-2168.64,4.8,4.8,22881.599999999984
1214,AUDJPY,BUY,2026-02-09 03:30:00+00:00,2026-02-09 18:01:40+00:00,109.855,110.505,41.21,41.21,3.7.108,DEMO,OOS,0.0,0.1,0.1,DEMO_ACCOUNT,0.1,C:\Users\Leon\Desktop\QUANT\Data_Center\Data\2_Baseline\Trades\Backtest\DEMO_ACCOUNT\OOS\listOfTrades_AUDJPY_78_3.7.108_BUY_M15_OOS.csv,0.1,4.8,47.99999999999999,1978.0799999999997,0.0,1978.0799999999997,4.8,4.8,24859.679999999982
1216,AUDJPY,BUY,2026-02-10 03:45:00+00:00,2026-02-10 07:27:40+00:00,110.384,109.684,-45.64,-45.64,3.7.108,DEMO,OOS,0.0,0.1,0.1,DEMO_ACCOUNT,0.1,C:\Users\Leon\Desktop\QUANT\Data_Center\Data\2_Baseline\Trades\Backtest\DEMO_ACCOUNT\OOS\listOfTrades_AUDJPY_78_3.7.108_BUY_M15_OOS.csv,0.1,4.8,47.99999999999999,-2190.72,0.0,-2190.72,4.8,4.8,22668.95999999998
1218,AUDJPY,BUY,2026-02-12 04:30:00+00:00,2026-02-12 18:18:40+00:00,108.963,108.263,-46.37,-46.37,3.7.108,DEMO,OOS,0.0,0.1,0.1,DEMO_ACCOUNT,0.1,C:\Users\Leon\Desktop\QUANT\Data_Center\Data\2_Baseline\Trades\Backtest\DEMO_ACCOUNT\OOS\listOfTrades_AUDJPY_78_3.7.108_BUY_M15_OOS.csv,0.1,4.8,47.99999999999999,-2225.7599999999998,0.0,-2225.7599999999998,4.8,4.8,20443.199999999983
1220,AUDJPY,BUY,2026-02-16 16:15:00+00:00,2026-02-16 23:45:00+00:00,108.585,108.546,-3.04,-3.04,3.7.108,DEMO,OOS,0.0,0.1,0.1,DEMO_ACCOUNT,0.1,C:\Users\Leon\Desktop\QUANT\Data_Center\Data\2_Baseline\Trades\Backtest\DEMO_ACCOUNT\OOS\listOfTrades_AUDJPY_78_3.7.108_BUY_M15_OOS.csv,0.1,4.8,47.99999999999999,-145.92,0.0,-145.92,4.8,4.8,20297.279999999984
1222,AUDJPY,BUY,2026-02-17 02:30:00+00:00,2026-02-17 23:45:00+00:00,108.45,108.587,8.44,8.44,3.7.108,DEMO,OOS,0.0,0.1,0.1,DEMO_ACCOUNT,0.1,C:\Users\Leon\Desktop\QUANT\Data_Center\Data\2_Baseline\Trades\Backtest\DEMO_ACCOUNT\OOS\listOfTrades_AUDJPY_78_3.7.108_BUY_M15_OOS.csv,0.1,4.8,47.99999999999999,405.1199999999999,0.0,405.1199999999999,4.8,4.8,20702.399999999983
1224,AUDJPY,BUY,2026-02-19 02:15:00+00:00,2026-02-19 05:23:40+00:00,108.948,109.598,41.43,41.43,3.7.108,DEMO,OOS,0.0,0.1,0.1,DEMO_ACCOUNT,0.1,C:\Users\Leon\Desktop\QUANT\Data_Center\Data\2_Baseline\Trades\Backtest\DEMO_ACCOUNT\OOS\listOfTrades_AUDJPY_78_3.7.108_BUY_M15_OOS.csv,0.1,4.8,47.99999999999999,1988.6399999999996,0.0,1988.6399999999996,4.8,4.8,22691.039999999983
1226,AUDJPY,BUY,2026-02-20 04:00:00+00:00,2026-02-20 10:58:40+00:00,109.094,109.744,41.28,41.28,3.7.108,DEMO,OOS,0.0,0.1,0.1,DEMO_ACCOUNT,0.1,C:\Users\Leon\Desktop\QUANT\Data_Center\Data\2_Baseline\Trades\Backtest\DEMO_ACCOUNT\OOS\listOfTrades_AUDJPY_78_3.7.108_BUY_M15_OOS.csv,0.1,4.8,47.99999999999999,1981.4399999999998,0.0,1981.4399999999998,4.8,4.8,24672.47999999998
1228,AUDJPY,BUY,2026-02-23 02:30:00+00:00,2026-02-23 23:45:00+00:00,109.489,109.183,-20.28,-20.28,3.7.108,DEMO,OOS,0.0,0.1,0.1,DEMO_ACCOUNT,0.1,C:\Users\Leon\Desktop\QUANT\Data_Center\Data\2_Baseline\Trades\Backtest\DEMO_ACCOUNT\OOS\listOfTrades_AUDJPY_78_3.7.108_BUY_M15_OOS.csv,0.1,4.8,47.99999999999999,-973.4399999999999,0.0,-973.4399999999999,4.8,4.8,23699.039999999983
1230,AUDJPY,BUY,2026-02-26 02:15:00+00:00,2026-02-26 17:16:40+00:00,111.202,110.502,-45.4,-45.4,3.7.108,DEMO,OOS,0.0,0.1,0.1,DEMO_ACCOUNT,0.1,C:\Users\Leon\Desktop\QUANT\Data_Center\Data\2_Baseline\Trades\Backtest\DEMO_ACCOUNT\OOS\listOfTrades_AUDJPY_78_3.7.108_BUY_M15_OOS.csv,0.1,4.8,47.99999999999999,-2179.2,0.0,-2179.2,4.8,4.8,21519.839999999982
1232,AUDJPY,BUY,2026-02-27 22:00:00+00:00,2026-02-27 23:45:00+00:00,111.0,111.081,4.69,4.69,3.7.108,DEMO,OOS,0.0,0.1,0.1,DEMO_ACCOUNT,0.1,C:\Users\Leon\Desktop\QUANT\Data_Center\Data\2_Baseline\Trades\Backtest\DEMO_ACCOUNT\OOS\listOfTrades_AUDJPY_78_3.7.108_BUY_M15_OOS.csv,0.1,4.8,47.99999999999999,225.11999999999998,0.0,225.11999999999998,4.8,4.8,21744.95999999998
1234,AUDJPY,BUY,2026-03-02 00:15:00+00:00,2026-03-02 03:00:40+00:00,110.176,110.826,41.06,41.06,3.7.108,DEMO,OOS,0.0,0.1,0.1,DEMO_ACCOUNT,0.1,C:\Users\Leon\Desktop\QUANT\Data_Center\Data\2_Baseline\Trades\Backtest\DEMO_ACCOUNT\OOS\listOfTrades_AUDJPY_78_3.7.108_BUY_M15_OOS.csv,0.1,4.8,47.99999999999999,1970.8799999999999,0.0,1970.8799999999999,4.8,4.8,23715.839999999982
1236,AUDJPY,BUY,2026-03-05 03:00:00+00:00,2026-03-05 10:32:40+00:00,110.927,110.227,-45.02,-45.02,3.7.108,DEMO,OOS,0.0,0.1,0.1,DEMO_ACCOUNT,0.1,C:\Users\Leon\Desktop\QUANT\Data_Center\Data\2_Baseline\Trades\Backtest\DEMO_ACCOUNT\OOS\listOfTrades_AUDJPY_78_3.7.108_BUY_M15_OOS.csv,0.1,4.8,47.99999999999999,-2160.96,0.0,-2160.96,4.8,4.8,21554.879999999983
1238,AUDJPY,BUY,2026-03-09 00:45:00+00:00,2026-03-09 07:07:40+00:00,110.523,111.173,40.42,40.42,3.7.108,DEMO,OOS,0.0,0.1,0.1,DEMO_ACCOUNT,0.1,C:\Users\Leon\Desktop\QUANT\Data_Center\Data\2_Baseline\Trades\Backtest\DEMO_ACCOUNT\OOS\listOfTrades_AUDJPY_78_3.7.108_BUY_M15_OOS.csv,0.1,4.8,47.99999999999999,1940.1599999999999,0.0,1940.1599999999999,4.8,4.8,23495.039999999983
1240,AUDJPY,BUY,2026-03-10 04:30:00+00:00,2026-03-10 12:40:40+00:00,111.423,112.073,40.75,40.75,3.7.108,DEMO,OOS,0.0,0.1,0.1,DEMO_ACCOUNT,0.1,C:\Users\Leon\Desktop\QUANT\Data_Center\Data\2_Baseline\Trades\Backtest\DEMO_ACCOUNT\OOS\listOfTrades_AUDJPY_78_3.7.108_BUY_M15_OOS.csv,0.1,4.8,47.99999999999999,1955.9999999999998,0.0,1955.9999999999998,4.8,4.8,25451.039999999983
1242,AUDJPY,BUY,2026-03-11 01:30:00+00:00,2026-03-11 04:42:20+00:00,112.508,113.158,40.56,40.56,3.7.108,DEMO,OOS,0.0,0.1,0.1,DEMO_ACCOUNT,0.1,C:\Users\Leon\Desktop\QUANT\Data_Center\Data\2_Baseline\Trades\Backtest\DEMO_ACCOUNT\OOS\listOfTrades_AUDJPY_78_3.7.108_BUY_M15_OOS.csv,0.1,4.8,47.99999999999999,1946.8799999999999,0.0,1946.8799999999999,4.8,4.8,27397.919999999984
1244,AUDJPY,BUY,2026-03-12 01:30:00+00:00,2026-03-12 17:41:40+00:00,113.495,112.795,-44.48,-44.48,3.7.108,DEMO,OOS,0.0,0.1,0.1,DEMO_ACCOUNT,0.1,C:\Users\Leon\Desktop\QUANT\Data_Center\Data\2_Baseline\Trades\Backtest\DEMO_ACCOUNT\OOS\listOfTrades_AUDJPY_78_3.7.108_BUY_M15_OOS.csv,0.1,4.8,47.99999999999999,-2135.0399999999995,0.0,-2135.0399999999995,4.8,4.8,25262.879999999983
