position_id,symbol,direction,open_time_utc,close_time_utc,entry_price,exit_price,profit_sum,net_sum,strategy_id,account_type,sample_type,commission_sum,volume_in,volume_out,account_group,base_lot_detected,source_file,base_lot,target_lot,lot_scale_factor,scaled_profit_sum,scaled_commission_sum,scaled_net_sum,scaled_volume_in,scaled_volume_out,scaled_cumulative_net_sum
1216,EURUSD,SELL,2024-07-02 02:25:40+00:00,2024-07-02 10:05:40+00:00,1.07366,1.07219,14.2,14.2,2.34.129,DEMO,OOS,0.0,0.1,0.1,DEMO_ACCOUNT,0.1,C:\Users\Leon\Desktop\QUANT\Data_Center\Data\2_Baseline\Trades\Backtest\DEMO_ACCOUNT\OOS\listOfTrades_EURUSD_59_2.34.129_SELL_M15_OOS.csv,0.1,7.0,70.0,994.0,0.0,994.0,7.0,7.0,994.0
1218,EURUSD,SELL,2024-07-03 05:31:40+00:00,2024-07-03 15:19:20+00:00,1.0746,1.07655,-20.0,-20.0,2.34.129,DEMO,OOS,0.0,0.1,0.1,DEMO_ACCOUNT,0.1,C:\Users\Leon\Desktop\QUANT\Data_Center\Data\2_Baseline\Trades\Backtest\DEMO_ACCOUNT\OOS\listOfTrades_EURUSD_59_2.34.129_SELL_M15_OOS.csv,0.1,7.0,70.0,-1400.0,0.0,-1400.0,7.0,7.0,-406.0
1220,EURUSD,SELL,2024-07-04 01:45:20+00:00,2024-07-04 18:09:20+00:00,1.07892,1.08133,-24.6,-24.6,2.34.129,DEMO,OOS,0.0,0.1,0.1,DEMO_ACCOUNT,0.1,C:\Users\Leon\Desktop\QUANT\Data_Center\Data\2_Baseline\Trades\Backtest\DEMO_ACCOUNT\OOS\listOfTrades_EURUSD_59_2.34.129_SELL_M15_OOS.csv,0.1,7.0,70.0,-1722.0,0.0,-1722.0,7.0,7.0,-2128.0
1222,EURUSD,SELL,2024-07-05 18:20:40+00:00,2024-07-05 23:45:00+00:00,1.08263,1.08396,-13.8,-13.8,2.34.129,DEMO,OOS,0.0,0.1,0.1,DEMO_ACCOUNT,0.1,C:\Users\Leon\Desktop\QUANT\Data_Center\Data\2_Baseline\Trades\Backtest\DEMO_ACCOUNT\OOS\listOfTrades_EURUSD_59_2.34.129_SELL_M15_OOS.csv,0.1,7.0,70.0,-966.0,0.0,-966.0,7.0,7.0,-3094.0
1224,EURUSD,SELL,2024-07-08 06:21:40+00:00,2024-07-08 23:45:00+00:00,1.08305,1.08247,5.3,5.3,2.34.129,DEMO,OOS,0.0,0.1,0.1,DEMO_ACCOUNT,0.1,C:\Users\Leon\Desktop\QUANT\Data_Center\Data\2_Baseline\Trades\Backtest\DEMO_ACCOUNT\OOS\listOfTrades_EURUSD_59_2.34.129_SELL_M15_OOS.csv,0.1,7.0,70.0,371.0,0.0,371.0,7.0,7.0,-2723.0
1226,EURUSD,SELL,2024-07-09 04:09:40+00:00,2024-07-09 10:48:40+00:00,1.08274,1.08178,9.1,9.1,2.34.129,DEMO,OOS,0.0,0.1,0.1,DEMO_ACCOUNT,0.1,C:\Users\Leon\Desktop\QUANT\Data_Center\Data\2_Baseline\Trades\Backtest\DEMO_ACCOUNT\OOS\listOfTrades_EURUSD_59_2.34.129_SELL_M15_OOS.csv,0.1,7.0,70.0,637.0,0.0,637.0,7.0,7.0,-2086.0
1228,EURUSD,SELL,2024-07-10 04:27:40+00:00,2024-07-10 23:45:00+00:00,1.08143,1.08291,-15.3,-15.3,2.34.129,DEMO,OOS,0.0,0.1,0.1,DEMO_ACCOUNT,0.1,C:\Users\Leon\Desktop\QUANT\Data_Center\Data\2_Baseline\Trades\Backtest\DEMO_ACCOUNT\OOS\listOfTrades_EURUSD_59_2.34.129_SELL_M15_OOS.csv,0.1,7.0,70.0,-1071.0,0.0,-1071.0,7.0,7.0,-3157.0
1230,EURUSD,SELL,2024-07-12 02:28:40+00:00,2024-07-12 16:15:40+00:00,1.08691,1.08954,-26.8,-26.8,2.34.129,DEMO,OOS,0.0,0.1,0.1,DEMO_ACCOUNT,0.1,C:\Users\Leon\Desktop\QUANT\Data_Center\Data\2_Baseline\Trades\Backtest\DEMO_ACCOUNT\OOS\listOfTrades_EURUSD_59_2.34.129_SELL_M15_OOS.csv,0.1,7.0,70.0,-1876.0,0.0,-1876.0,7.0,7.0,-5033.0
1232,EURUSD,SELL,2024-07-15 06:22:40+00:00,2024-07-15 13:15:40+00:00,1.08936,1.09156,-22.5,-22.5,2.34.129,DEMO,OOS,0.0,0.1,0.1,DEMO_ACCOUNT,0.1,C:\Users\Leon\Desktop\QUANT\Data_Center\Data\2_Baseline\Trades\Backtest\DEMO_ACCOUNT\OOS\listOfTrades_EURUSD_59_2.34.129_SELL_M15_OOS.csv,0.1,7.0,70.0,-1575.0,0.0,-1575.0,7.0,7.0,-6608.0
1234,EURUSD,SELL,2024-07-17 03:30:20+00:00,2024-07-17 11:30:40+00:00,1.08977,1.09157,-18.5,-18.5,2.34.129,DEMO,OOS,0.0,0.1,0.1,DEMO_ACCOUNT,0.1,C:\Users\Leon\Desktop\QUANT\Data_Center\Data\2_Baseline\Trades\Backtest\DEMO_ACCOUNT\OOS\listOfTrades_EURUSD_59_2.34.129_SELL_M15_OOS.csv,0.1,7.0,70.0,-1295.0,0.0,-1295.0,7.0,7.0,-7903.0
1236,EURUSD,SELL,2024-07-18 04:30:20+00:00,2024-07-18 10:22:40+00:00,1.0938,1.09273,10.2,10.2,2.34.129,DEMO,OOS,0.0,0.1,0.1,DEMO_ACCOUNT,0.1,C:\Users\Leon\Desktop\QUANT\Data_Center\Data\2_Baseline\Trades\Backtest\DEMO_ACCOUNT\OOS\listOfTrades_EURUSD_59_2.34.129_SELL_M15_OOS.csv,0.1,7.0,70.0,714.0,0.0,714.0,7.0,7.0,-7189.0
1238,EURUSD,SELL,2024-07-22 01:00:40+00:00,2024-07-22 23:45:00+00:00,1.08848,1.08874,-3.1,-3.1,2.34.129,DEMO,OOS,0.0,0.1,0.1,DEMO_ACCOUNT,0.1,C:\Users\Leon\Desktop\QUANT\Data_Center\Data\2_Baseline\Trades\Backtest\DEMO_ACCOUNT\OOS\listOfTrades_EURUSD_59_2.34.129_SELL_M15_OOS.csv,0.1,7.0,70.0,-217.0,0.0,-217.0,7.0,7.0,-7406.0
1240,EURUSD,SELL,2024-07-23 03:00:40+00:00,2024-07-23 09:37:40+00:00,1.08895,1.08796,9.4,9.4,2.34.129,DEMO,OOS,0.0,0.1,0.1,DEMO_ACCOUNT,0.1,C:\Users\Leon\Desktop\QUANT\Data_Center\Data\2_Baseline\Trades\Backtest\DEMO_ACCOUNT\OOS\listOfTrades_EURUSD_59_2.34.129_SELL_M15_OOS.csv,0.1,7.0,70.0,658.0,0.0,658.0,7.0,7.0,-6748.0
1242,EURUSD,SELL,2024-07-26 02:50:40+00:00,2024-07-26 23:45:00+00:00,1.08503,1.08565,-6.7,-6.7,2.34.129,DEMO,OOS,0.0,0.1,0.1,DEMO_ACCOUNT,0.1,C:\Users\Leon\Desktop\QUANT\Data_Center\Data\2_Baseline\Trades\Backtest\DEMO_ACCOUNT\OOS\listOfTrades_EURUSD_59_2.34.129_SELL_M15_OOS.csv,0.1,7.0,70.0,-469.0,0.0,-469.0,7.0,7.0,-7217.0
1244,EURUSD,SELL,2024-07-29 03:47:40+00:00,2024-07-29 10:25:40+00:00,1.086,1.08478,11.7,11.7,2.34.129,DEMO,OOS,0.0,0.1,0.1,DEMO_ACCOUNT,0.1,C:\Users\Leon\Desktop\QUANT\Data_Center\Data\2_Baseline\Trades\Backtest\DEMO_ACCOUNT\OOS\listOfTrades_EURUSD_59_2.34.129_SELL_M15_OOS.csv,0.1,7.0,70.0,819.0,0.0,819.0,7.0,7.0,-6398.0
1246,EURUSD,SELL,2024-07-31 03:15:40+00:00,2024-07-31 13:41:40+00:00,1.08143,1.08338,-20.0,-20.0,2.34.129,DEMO,OOS,0.0,0.1,0.1,DEMO_ACCOUNT,0.1,C:\Users\Leon\Desktop\QUANT\Data_Center\Data\2_Baseline\Trades\Backtest\DEMO_ACCOUNT\OOS\listOfTrades_EURUSD_59_2.34.129_SELL_M15_OOS.csv,0.1,7.0,70.0,-1400.0,0.0,-1400.0,7.0,7.0,-7798.0
1248,EURUSD,SELL,2024-08-01 05:16:40+00:00,2024-08-01 10:16:40+00:00,1.08259,1.08085,16.9,16.9,2.34.129,DEMO,OOS,0.0,0.1,0.1,DEMO_ACCOUNT,0.1,C:\Users\Leon\Desktop\QUANT\Data_Center\Data\2_Baseline\Trades\Backtest\DEMO_ACCOUNT\OOS\listOfTrades_EURUSD_59_2.34.129_SELL_M15_OOS.csv,0.1,7.0,70.0,1183.0,0.0,1183.0,7.0,7.0,-6615.0
1250,EURUSD,SELL,2024-08-02 01:07:40+00:00,2024-08-02 12:14:40+00:00,1.07926,1.0822,-29.9,-29.9,2.34.129,DEMO,OOS,0.0,0.1,0.1,DEMO_ACCOUNT,0.1,C:\Users\Leon\Desktop\QUANT\Data_Center\Data\2_Baseline\Trades\Backtest\DEMO_ACCOUNT\OOS\listOfTrades_EURUSD_59_2.34.129_SELL_M15_OOS.csv,0.1,7.0,70.0,-2093.0,0.0,-2093.0,7.0,7.0,-8708.0
1252,EURUSD,SELL,2024-08-05 03:15:20+00:00,2024-08-05 10:30:40+00:00,1.0913,1.09492,-36.7,-36.7,2.34.129,DEMO,OOS,0.0,0.1,0.1,DEMO_ACCOUNT,0.1,C:\Users\Leon\Desktop\QUANT\Data_Center\Data\2_Baseline\Trades\Backtest\DEMO_ACCOUNT\OOS\listOfTrades_EURUSD_59_2.34.129_SELL_M15_OOS.csv,0.1,7.0,70.0,-2569.0,0.0,-2569.0,7.0,7.0,-11277.0
1254,EURUSD,SELL,2024-08-06 03:49:40+00:00,2024-08-06 10:07:40+00:00,1.09583,1.09318,26.0,26.0,2.34.129,DEMO,OOS,0.0,0.1,0.1,DEMO_ACCOUNT,0.1,C:\Users\Leon\Desktop\QUANT\Data_Center\Data\2_Baseline\Trades\Backtest\DEMO_ACCOUNT\OOS\listOfTrades_EURUSD_59_2.34.129_SELL_M15_OOS.csv,0.1,7.0,70.0,1820.0,0.0,1820.0,7.0,7.0,-9457.0
1256,EURUSD,SELL,2024-08-07 01:00:40+00:00,2024-08-07 08:06:40+00:00,1.09298,1.09108,18.5,18.5,2.34.129,DEMO,OOS,0.0,0.1,0.1,DEMO_ACCOUNT,0.1,C:\Users\Leon\Desktop\QUANT\Data_Center\Data\2_Baseline\Trades\Backtest\DEMO_ACCOUNT\OOS\listOfTrades_EURUSD_59_2.34.129_SELL_M15_OOS.csv,0.1,7.0,70.0,1295.0,0.0,1295.0,7.0,7.0,-8162.0
1258,EURUSD,SELL,2024-08-08 01:27:40+00:00,2024-08-08 15:32:40+00:00,1.0925,1.09104,14.1,14.1,2.34.129,DEMO,OOS,0.0,0.1,0.1,DEMO_ACCOUNT,0.1,C:\Users\Leon\Desktop\QUANT\Data_Center\Data\2_Baseline\Trades\Backtest\DEMO_ACCOUNT\OOS\listOfTrades_EURUSD_59_2.34.129_SELL_M15_OOS.csv,0.1,7.0,70.0,987.0,0.0,987.0,7.0,7.0,-7175.0
1260,EURUSD,SELL,2024-08-09 11:00:40+00:00,2024-08-09 15:44:40+00:00,1.09219,1.09094,12.0,12.0,2.34.129,DEMO,OOS,0.0,0.1,0.1,DEMO_ACCOUNT,0.1,C:\Users\Leon\Desktop\QUANT\Data_Center\Data\2_Baseline\Trades\Backtest\DEMO_ACCOUNT\OOS\listOfTrades_EURUSD_59_2.34.129_SELL_M15_OOS.csv,0.1,7.0,70.0,840.0,0.0,840.0,7.0,7.0,-6335.0
1262,EURUSD,SELL,2024-08-12 06:00:40+00:00,2024-08-12 18:10:40+00:00,1.0918,1.09355,-18.0,-18.0,2.34.129,DEMO,OOS,0.0,0.1,0.1,DEMO_ACCOUNT,0.1,C:\Users\Leon\Desktop\QUANT\Data_Center\Data\2_Baseline\Trades\Backtest\DEMO_ACCOUNT\OOS\listOfTrades_EURUSD_59_2.34.129_SELL_M15_OOS.csv,0.1,7.0,70.0,-1260.0,0.0,-1260.0,7.0,7.0,-7595.0
1264,EURUSD,SELL,2024-08-13 04:31:40+00:00,2024-08-13 12:00:40+00:00,1.09317,1.09202,11.0,11.0,2.34.129,DEMO,OOS,0.0,0.1,0.1,DEMO_ACCOUNT,0.1,C:\Users\Leon\Desktop\QUANT\Data_Center\Data\2_Baseline\Trades\Backtest\DEMO_ACCOUNT\OOS\listOfTrades_EURUSD_59_2.34.129_SELL_M15_OOS.csv,0.1,7.0,70.0,770.0,0.0,770.0,7.0,7.0,-6825.0
1266,EURUSD,SELL,2024-08-14 04:12:40+00:00,2024-08-14 11:48:40+00:00,1.09922,1.10154,-23.7,-23.7,2.34.129,DEMO,OOS,0.0,0.1,0.1,DEMO_ACCOUNT,0.1,C:\Users\Leon\Desktop\QUANT\Data_Center\Data\2_Baseline\Trades\Backtest\DEMO_ACCOUNT\OOS\listOfTrades_EURUSD_59_2.34.129_SELL_M15_OOS.csv,0.1,7.0,70.0,-1659.0,0.0,-1659.0,7.0,7.0,-8484.0
1268,EURUSD,SELL,2024-08-16 03:07:20+00:00,2024-08-16 16:15:40+00:00,1.09755,1.09966,-21.6,-21.6,2.34.129,DEMO,OOS,0.0,0.1,0.1,DEMO_ACCOUNT,0.1,C:\Users\Leon\Desktop\QUANT\Data_Center\Data\2_Baseline\Trades\Backtest\DEMO_ACCOUNT\OOS\listOfTrades_EURUSD_59_2.34.129_SELL_M15_OOS.csv,0.1,7.0,70.0,-1512.0,0.0,-1512.0,7.0,7.0,-9996.0
1270,EURUSD,SELL,2024-08-19 12:38:40+00:00,2024-08-19 17:31:40+00:00,1.10402,1.1064,-24.3,-24.3,2.34.129,DEMO,OOS,0.0,0.1,0.1,DEMO_ACCOUNT,0.1,C:\Users\Leon\Desktop\QUANT\Data_Center\Data\2_Baseline\Trades\Backtest\DEMO_ACCOUNT\OOS\listOfTrades_EURUSD_59_2.34.129_SELL_M15_OOS.csv,0.1,7.0,70.0,-1701.0,0.0,-1701.0,7.0,7.0,-11697.0
1272,EURUSD,SELL,2024-08-20 03:49:40+00:00,2024-08-20 16:13:40+00:00,1.10834,1.11044,-21.5,-21.5,2.34.129,DEMO,OOS,0.0,0.1,0.1,DEMO_ACCOUNT,0.1,C:\Users\Leon\Desktop\QUANT\Data_Center\Data\2_Baseline\Trades\Backtest\DEMO_ACCOUNT\OOS\listOfTrades_EURUSD_59_2.34.129_SELL_M15_OOS.csv,0.1,7.0,70.0,-1505.0,0.0,-1505.0,7.0,7.0,-13202.0
1274,EURUSD,SELL,2024-08-21 11:49:40+00:00,2024-08-21 17:00:40+00:00,1.11223,1.11073,14.5,14.5,2.34.129,DEMO,OOS,0.0,0.1,0.1,DEMO_ACCOUNT,0.1,C:\Users\Leon\Desktop\QUANT\Data_Center\Data\2_Baseline\Trades\Backtest\DEMO_ACCOUNT\OOS\listOfTrades_EURUSD_59_2.34.129_SELL_M15_OOS.csv,0.1,7.0,70.0,1015.0,0.0,1015.0,7.0,7.0,-12187.0
1276,EURUSD,SELL,2024-08-22 03:19:40+00:00,2024-08-22 10:30:40+00:00,1.11535,1.11354,17.6,17.6,2.34.129,DEMO,OOS,0.0,0.1,0.1,DEMO_ACCOUNT,0.1,C:\Users\Leon\Desktop\QUANT\Data_Center\Data\2_Baseline\Trades\Backtest\DEMO_ACCOUNT\OOS\listOfTrades_EURUSD_59_2.34.129_SELL_M15_OOS.csv,0.1,7.0,70.0,1232.0,0.0,1232.0,7.0,7.0,-10955.0
1278,EURUSD,SELL,2024-08-23 01:00:40+00:00,2024-08-23 17:02:40+00:00,1.11115,1.11401,-29.1,-29.1,2.34.129,DEMO,OOS,0.0,0.1,0.1,DEMO_ACCOUNT,0.1,C:\Users\Leon\Desktop\QUANT\Data_Center\Data\2_Baseline\Trades\Backtest\DEMO_ACCOUNT\OOS\listOfTrades_EURUSD_59_2.34.129_SELL_M15_OOS.csv,0.1,7.0,70.0,-2037.0,0.0,-2037.0,7.0,7.0,-12992.0
1280,EURUSD,SELL,2024-08-26 02:40:40+00:00,2024-08-26 14:23:40+00:00,1.11899,1.1167,22.4,22.4,2.34.129,DEMO,OOS,0.0,0.1,0.1,DEMO_ACCOUNT,0.1,C:\Users\Leon\Desktop\QUANT\Data_Center\Data\2_Baseline\Trades\Backtest\DEMO_ACCOUNT\OOS\listOfTrades_EURUSD_59_2.34.129_SELL_M15_OOS.csv,0.1,7.0,70.0,1568.0,0.0,1568.0,7.0,7.0,-11424.0
1282,EURUSD,SELL,2024-08-27 03:00:20+00:00,2024-08-27 15:31:40+00:00,1.11647,1.11518,12.4,12.4,2.34.129,DEMO,OOS,0.0,0.1,0.1,DEMO_ACCOUNT,0.1,C:\Users\Leon\Desktop\QUANT\Data_Center\Data\2_Baseline\Trades\Backtest\DEMO_ACCOUNT\OOS\listOfTrades_EURUSD_59_2.34.129_SELL_M15_OOS.csv,0.1,7.0,70.0,868.0,0.0,868.0,7.0,7.0,-10556.0
1284,EURUSD,SELL,2024-08-29 10:58:40+00:00,2024-08-29 11:01:40+00:00,1.11313,1.11181,12.7,12.7,2.34.129,DEMO,OOS,0.0,0.1,0.1,DEMO_ACCOUNT,0.1,C:\Users\Leon\Desktop\QUANT\Data_Center\Data\2_Baseline\Trades\Backtest\DEMO_ACCOUNT\OOS\listOfTrades_EURUSD_59_2.34.129_SELL_M15_OOS.csv,0.1,7.0,70.0,889.0,0.0,889.0,7.0,7.0,-9667.0
1286,EURUSD,SELL,2024-08-30 04:17:40+00:00,2024-08-30 15:47:40+00:00,1.108,1.10653,14.2,14.2,2.34.129,DEMO,OOS,0.0,0.1,0.1,DEMO_ACCOUNT,0.1,C:\Users\Leon\Desktop\QUANT\Data_Center\Data\2_Baseline\Trades\Backtest\DEMO_ACCOUNT\OOS\listOfTrades_EURUSD_59_2.34.129_SELL_M15_OOS.csv,0.1,7.0,70.0,994.0,0.0,994.0,7.0,7.0,-8673.0
1288,EURUSD,SELL,2024-09-02 05:39:40+00:00,2024-09-02 11:13:40+00:00,1.10501,1.1076,-26.4,-26.4,2.34.129,DEMO,OOS,0.0,0.1,0.1,DEMO_ACCOUNT,0.1,C:\Users\Leon\Desktop\QUANT\Data_Center\Data\2_Baseline\Trades\Backtest\DEMO_ACCOUNT\OOS\listOfTrades_EURUSD_59_2.34.129_SELL_M15_OOS.csv,0.1,7.0,70.0,-1848.0,0.0,-1848.0,7.0,7.0,-10521.0
1290,EURUSD,SELL,2024-09-04 09:15:40+00:00,2024-09-04 15:25:40+00:00,1.10536,1.10405,12.6,12.6,2.34.129,DEMO,OOS,0.0,0.1,0.1,DEMO_ACCOUNT,0.1,C:\Users\Leon\Desktop\QUANT\Data_Center\Data\2_Baseline\Trades\Backtest\DEMO_ACCOUNT\OOS\listOfTrades_EURUSD_59_2.34.129_SELL_M15_OOS.csv,0.1,7.0,70.0,882.0,0.0,882.0,7.0,7.0,-9639.0
1292,EURUSD,SELL,2024-09-05 03:15:40+00:00,2024-09-05 14:29:40+00:00,1.10813,1.11077,-26.9,-26.9,2.34.129,DEMO,OOS,0.0,0.1,0.1,DEMO_ACCOUNT,0.1,C:\Users\Leon\Desktop\QUANT\Data_Center\Data\2_Baseline\Trades\Backtest\DEMO_ACCOUNT\OOS\listOfTrades_EURUSD_59_2.34.129_SELL_M15_OOS.csv,0.1,7.0,70.0,-1883.0,0.0,-1883.0,7.0,7.0,-11522.0
1294,EURUSD,SELL,2024-09-06 05:00:20+00:00,2024-09-06 15:30:20+00:00,1.11105,1.10964,13.6,13.6,2.34.129,DEMO,OOS,0.0,0.1,0.1,DEMO_ACCOUNT,0.1,C:\Users\Leon\Desktop\QUANT\Data_Center\Data\2_Baseline\Trades\Backtest\DEMO_ACCOUNT\OOS\listOfTrades_EURUSD_59_2.34.129_SELL_M15_OOS.csv,0.1,7.0,70.0,952.0,0.0,952.0,7.0,7.0,-10570.0
1296,EURUSD,SELL,2024-09-09 04:04:40+00:00,2024-09-09 09:49:40+00:00,1.10866,1.10638,22.3,22.3,2.34.129,DEMO,OOS,0.0,0.1,0.1,DEMO_ACCOUNT,0.1,C:\Users\Leon\Desktop\QUANT\Data_Center\Data\2_Baseline\Trades\Backtest\DEMO_ACCOUNT\OOS\listOfTrades_EURUSD_59_2.34.129_SELL_M15_OOS.csv,0.1,7.0,70.0,1561.0,0.0,1561.0,7.0,7.0,-9009.0
1298,EURUSD,SELL,2024-09-10 06:32:00+00:00,2024-09-10 16:49:40+00:00,1.10372,1.10259,10.8,10.8,2.34.129,DEMO,OOS,0.0,0.1,0.1,DEMO_ACCOUNT,0.1,C:\Users\Leon\Desktop\QUANT\Data_Center\Data\2_Baseline\Trades\Backtest\DEMO_ACCOUNT\OOS\listOfTrades_EURUSD_59_2.34.129_SELL_M15_OOS.csv,0.1,7.0,70.0,756.0,0.0,756.0,7.0,7.0,-8253.0
1300,EURUSD,SELL,2024-09-11 04:23:40+00:00,2024-09-11 05:04:40+00:00,1.10223,1.10404,-18.6,-18.6,2.34.129,DEMO,OOS,0.0,0.1,0.1,DEMO_ACCOUNT,0.1,C:\Users\Leon\Desktop\QUANT\Data_Center\Data\2_Baseline\Trades\Backtest\DEMO_ACCOUNT\OOS\listOfTrades_EURUSD_59_2.34.129_SELL_M15_OOS.csv,0.1,7.0,70.0,-1302.0,0.0,-1302.0,7.0,7.0,-9555.0
1302,EURUSD,SELL,2024-09-12 06:18:40+00:00,2024-09-12 16:07:40+00:00,1.10129,1.10339,-21.5,-21.5,2.34.129,DEMO,OOS,0.0,0.1,0.1,DEMO_ACCOUNT,0.1,C:\Users\Leon\Desktop\QUANT\Data_Center\Data\2_Baseline\Trades\Backtest\DEMO_ACCOUNT\OOS\listOfTrades_EURUSD_59_2.34.129_SELL_M15_OOS.csv,0.1,7.0,70.0,-1505.0,0.0,-1505.0,7.0,7.0,-11060.0
1304,EURUSD,SELL,2024-09-13 10:36:20+00:00,2024-09-13 23:45:00+00:00,1.10845,1.10737,10.3,10.3,2.34.129,DEMO,OOS,0.0,0.1,0.1,DEMO_ACCOUNT,0.1,C:\Users\Leon\Desktop\QUANT\Data_Center\Data\2_Baseline\Trades\Backtest\DEMO_ACCOUNT\OOS\listOfTrades_EURUSD_59_2.34.129_SELL_M15_OOS.csv,0.1,7.0,70.0,721.0,0.0,721.0,7.0,7.0,-10339.0
1306,EURUSD,SELL,2024-09-16 18:18:40+00:00,2024-09-16 23:45:00+00:00,1.11239,1.11328,-9.4,-9.4,2.34.129,DEMO,OOS,0.0,0.1,0.1,DEMO_ACCOUNT,0.1,C:\Users\Leon\Desktop\QUANT\Data_Center\Data\2_Baseline\Trades\Backtest\DEMO_ACCOUNT\OOS\listOfTrades_EURUSD_59_2.34.129_SELL_M15_OOS.csv,0.1,7.0,70.0,-658.0,0.0,-658.0,7.0,7.0,-10997.0
1308,EURUSD,SELL,2024-09-17 02:00:20+00:00,2024-09-17 16:57:40+00:00,1.11272,1.11133,13.4,13.4,2.34.129,DEMO,OOS,0.0,0.1,0.1,DEMO_ACCOUNT,0.1,C:\Users\Leon\Desktop\QUANT\Data_Center\Data\2_Baseline\Trades\Backtest\DEMO_ACCOUNT\OOS\listOfTrades_EURUSD_59_2.34.129_SELL_M15_OOS.csv,0.1,7.0,70.0,938.0,0.0,938.0,7.0,7.0,-10059.0
1310,EURUSD,SELL,2024-09-18 07:30:40+00:00,2024-09-18 17:31:40+00:00,1.11239,1.11127,10.7,10.7,2.34.129,DEMO,OOS,0.0,0.1,0.1,DEMO_ACCOUNT,0.1,C:\Users\Leon\Desktop\QUANT\Data_Center\Data\2_Baseline\Trades\Backtest\DEMO_ACCOUNT\OOS\listOfTrades_EURUSD_59_2.34.129_SELL_M15_OOS.csv,0.1,7.0,70.0,749.0,0.0,749.0,7.0,7.0,-9310.0
1312,EURUSD,SELL,2024-09-20 04:46:40+00:00,2024-09-20 17:03:20+00:00,1.11608,1.1145,15.3,15.3,2.34.129,DEMO,OOS,0.0,0.1,0.1,DEMO_ACCOUNT,0.1,C:\Users\Leon\Desktop\QUANT\Data_Center\Data\2_Baseline\Trades\Backtest\DEMO_ACCOUNT\OOS\listOfTrades_EURUSD_59_2.34.129_SELL_M15_OOS.csv,0.1,7.0,70.0,1071.0,0.0,1071.0,7.0,7.0,-8239.0
1314,EURUSD,SELL,2024-09-23 02:16:40+00:00,2024-09-23 10:07:40+00:00,1.11631,1.11458,16.8,16.8,2.34.129,DEMO,OOS,0.0,0.1,0.1,DEMO_ACCOUNT,0.1,C:\Users\Leon\Desktop\QUANT\Data_Center\Data\2_Baseline\Trades\Backtest\DEMO_ACCOUNT\OOS\listOfTrades_EURUSD_59_2.34.129_SELL_M15_OOS.csv,0.1,7.0,70.0,1176.0,0.0,1176.0,7.0,7.0,-7063.0
1316,EURUSD,SELL,2024-09-24 09:44:20+00:00,2024-09-24 11:03:40+00:00,1.11114,1.11344,-23.5,-23.5,2.34.129,DEMO,OOS,0.0,0.1,0.1,DEMO_ACCOUNT,0.1,C:\Users\Leon\Desktop\QUANT\Data_Center\Data\2_Baseline\Trades\Backtest\DEMO_ACCOUNT\OOS\listOfTrades_EURUSD_59_2.34.129_SELL_M15_OOS.csv,0.1,7.0,70.0,-1645.0,0.0,-1645.0,7.0,7.0,-8708.0
1318,EURUSD,SELL,2024-09-25 09:29:40+00:00,2024-09-25 17:43:40+00:00,1.11925,1.1178,14.0,14.0,2.34.129,DEMO,OOS,0.0,0.1,0.1,DEMO_ACCOUNT,0.1,C:\Users\Leon\Desktop\QUANT\Data_Center\Data\2_Baseline\Trades\Backtest\DEMO_ACCOUNT\OOS\listOfTrades_EURUSD_59_2.34.129_SELL_M15_OOS.csv,0.1,7.0,70.0,980.0,0.0,980.0,7.0,7.0,-7728.0
1320,EURUSD,SELL,2024-09-26 04:31:40+00:00,2024-09-26 14:07:40+00:00,1.11341,1.11586,-25.0,-25.0,2.34.129,DEMO,OOS,0.0,0.1,0.1,DEMO_ACCOUNT,0.1,C:\Users\Leon\Desktop\QUANT\Data_Center\Data\2_Baseline\Trades\Backtest\DEMO_ACCOUNT\OOS\listOfTrades_EURUSD_59_2.34.129_SELL_M15_OOS.csv,0.1,7.0,70.0,-1750.0,0.0,-1750.0,7.0,7.0,-9478.0
1322,EURUSD,SELL,2024-09-27 02:15:20+00:00,2024-09-27 09:45:00+00:00,1.11757,1.1157,18.2,18.2,2.34.129,DEMO,OOS,0.0,0.1,0.1,DEMO_ACCOUNT,0.1,C:\Users\Leon\Desktop\QUANT\Data_Center\Data\2_Baseline\Trades\Backtest\DEMO_ACCOUNT\OOS\listOfTrades_EURUSD_59_2.34.129_SELL_M15_OOS.csv,0.1,7.0,70.0,1274.0,0.0,1274.0,7.0,7.0,-8204.0
1324,EURUSD,SELL,2024-09-30 04:15:40+00:00,2024-09-30 11:42:40+00:00,1.11676,1.1199,-31.9,-31.9,2.34.129,DEMO,OOS,0.0,0.1,0.1,DEMO_ACCOUNT,0.1,C:\Users\Leon\Desktop\QUANT\Data_Center\Data\2_Baseline\Trades\Backtest\DEMO_ACCOUNT\OOS\listOfTrades_EURUSD_59_2.34.129_SELL_M15_OOS.csv,0.1,7.0,70.0,-2233.0,0.0,-2233.0,7.0,7.0,-10437.0
1326,EURUSD,SELL,2024-10-01 01:45:20+00:00,2024-10-01 10:08:20+00:00,1.11404,1.11157,24.2,24.2,2.34.129,DEMO,OOS,0.0,0.1,0.1,DEMO_ACCOUNT,0.1,C:\Users\Leon\Desktop\QUANT\Data_Center\Data\2_Baseline\Trades\Backtest\DEMO_ACCOUNT\OOS\listOfTrades_EURUSD_59_2.34.129_SELL_M15_OOS.csv,0.1,7.0,70.0,1694.0,0.0,1694.0,7.0,7.0,-8743.0
1328,EURUSD,SELL,2024-10-02 01:07:59+00:00,2024-10-02 17:16:40+00:00,1.10701,1.10464,23.2,23.2,2.34.129,DEMO,OOS,0.0,0.1,0.1,DEMO_ACCOUNT,0.1,C:\Users\Leon\Desktop\QUANT\Data_Center\Data\2_Baseline\Trades\Backtest\DEMO_ACCOUNT\OOS\listOfTrades_EURUSD_59_2.34.129_SELL_M15_OOS.csv,0.1,7.0,70.0,1624.0,0.0,1624.0,7.0,7.0,-7119.0
1330,EURUSD,SELL,2024-10-03 02:51:20+00:00,2024-10-03 08:05:40+00:00,1.10477,1.10311,16.1,16.1,2.34.129,DEMO,OOS,0.0,0.1,0.1,DEMO_ACCOUNT,0.1,C:\Users\Leon\Desktop\QUANT\Data_Center\Data\2_Baseline\Trades\Backtest\DEMO_ACCOUNT\OOS\listOfTrades_EURUSD_59_2.34.129_SELL_M15_OOS.csv,0.1,7.0,70.0,1127.0,0.0,1127.0,7.0,7.0,-5992.0
1332,EURUSD,SELL,2024-10-04 04:41:40+00:00,2024-10-04 15:30:40+00:00,1.10336,1.10189,14.2,14.2,2.34.129,DEMO,OOS,0.0,0.1,0.1,DEMO_ACCOUNT,0.1,C:\Users\Leon\Desktop\QUANT\Data_Center\Data\2_Baseline\Trades\Backtest\DEMO_ACCOUNT\OOS\listOfTrades_EURUSD_59_2.34.129_SELL_M15_OOS.csv,0.1,7.0,70.0,994.0,0.0,994.0,7.0,7.0,-4998.0
1334,EURUSD,SELL,2024-10-07 03:45:20+00:00,2024-10-07 23:45:00+00:00,1.09713,1.09743,-3.5,-3.5,2.34.129,DEMO,OOS,0.0,0.1,0.1,DEMO_ACCOUNT,0.1,C:\Users\Leon\Desktop\QUANT\Data_Center\Data\2_Baseline\Trades\Backtest\DEMO_ACCOUNT\OOS\listOfTrades_EURUSD_59_2.34.129_SELL_M15_OOS.csv,0.1,7.0,70.0,-245.0,0.0,-245.0,7.0,7.0,-5243.0
1336,EURUSD,SELL,2024-10-08 01:15:40+00:00,2024-10-08 18:34:40+00:00,1.09772,1.09615,15.2,15.2,2.34.129,DEMO,OOS,0.0,0.1,0.1,DEMO_ACCOUNT,0.1,C:\Users\Leon\Desktop\QUANT\Data_Center\Data\2_Baseline\Trades\Backtest\DEMO_ACCOUNT\OOS\listOfTrades_EURUSD_59_2.34.129_SELL_M15_OOS.csv,0.1,7.0,70.0,1064.0,0.0,1064.0,7.0,7.0,-4179.0
1338,EURUSD,SELL,2024-10-09 02:16:40+00:00,2024-10-09 10:01:40+00:00,1.09765,1.09616,14.4,14.4,2.34.129,DEMO,OOS,0.0,0.1,0.1,DEMO_ACCOUNT,0.1,C:\Users\Leon\Desktop\QUANT\Data_Center\Data\2_Baseline\Trades\Backtest\DEMO_ACCOUNT\OOS\listOfTrades_EURUSD_59_2.34.129_SELL_M15_OOS.csv,0.1,7.0,70.0,1008.0,0.0,1008.0,7.0,7.0,-3171.0
1340,EURUSD,SELL,2024-10-11 05:04:40+00:00,2024-10-11 23:45:00+00:00,1.09326,1.09356,-3.5,-3.5,2.34.129,DEMO,OOS,0.0,0.1,0.1,DEMO_ACCOUNT,0.1,C:\Users\Leon\Desktop\QUANT\Data_Center\Data\2_Baseline\Trades\Backtest\DEMO_ACCOUNT\OOS\listOfTrades_EURUSD_59_2.34.129_SELL_M15_OOS.csv,0.1,7.0,70.0,-245.0,0.0,-245.0,7.0,7.0,-3416.0
1342,EURUSD,SELL,2024-10-14 06:28:40+00:00,2024-10-14 14:40:20+00:00,1.09283,1.09143,13.5,13.5,2.34.129,DEMO,OOS,0.0,0.1,0.1,DEMO_ACCOUNT,0.1,C:\Users\Leon\Desktop\QUANT\Data_Center\Data\2_Baseline\Trades\Backtest\DEMO_ACCOUNT\OOS\listOfTrades_EURUSD_59_2.34.129_SELL_M15_OOS.csv,0.1,7.0,70.0,945.0,0.0,945.0,7.0,7.0,-2471.0
1344,EURUSD,SELL,2024-10-15 01:18:40+00:00,2024-10-15 07:33:40+00:00,1.09063,1.08918,14.0,14.0,2.34.129,DEMO,OOS,0.0,0.1,0.1,DEMO_ACCOUNT,0.1,C:\Users\Leon\Desktop\QUANT\Data_Center\Data\2_Baseline\Trades\Backtest\DEMO_ACCOUNT\OOS\listOfTrades_EURUSD_59_2.34.129_SELL_M15_OOS.csv,0.1,7.0,70.0,980.0,0.0,980.0,7.0,7.0,-1491.0
1346,EURUSD,SELL,2024-10-18 02:50:40+00:00,2024-10-18 15:33:40+00:00,1.08293,1.08543,-25.5,-25.5,2.34.129,DEMO,OOS,0.0,0.1,0.1,DEMO_ACCOUNT,0.1,C:\Users\Leon\Desktop\QUANT\Data_Center\Data\2_Baseline\Trades\Backtest\DEMO_ACCOUNT\OOS\listOfTrades_EURUSD_59_2.34.129_SELL_M15_OOS.csv,0.1,7.0,70.0,-1785.0,0.0,-1785.0,7.0,7.0,-3276.0
1348,EURUSD,SELL,2024-10-21 05:01:00+00:00,2024-10-21 09:42:40+00:00,1.08662,1.0854,11.7,11.7,2.34.129,DEMO,OOS,0.0,0.1,0.1,DEMO_ACCOUNT,0.1,C:\Users\Leon\Desktop\QUANT\Data_Center\Data\2_Baseline\Trades\Backtest\DEMO_ACCOUNT\OOS\listOfTrades_EURUSD_59_2.34.129_SELL_M15_OOS.csv,0.1,7.0,70.0,819.0,0.0,819.0,7.0,7.0,-2457.0
1350,EURUSD,SELL,2024-10-24 03:00:40+00:00,2024-10-24 11:02:40+00:00,1.07811,1.08014,-20.8,-20.8,2.34.129,DEMO,OOS,0.0,0.1,0.1,DEMO_ACCOUNT,0.1,C:\Users\Leon\Desktop\QUANT\Data_Center\Data\2_Baseline\Trades\Backtest\DEMO_ACCOUNT\OOS\listOfTrades_EURUSD_59_2.34.129_SELL_M15_OOS.csv,0.1,7.0,70.0,-1456.0,0.0,-1456.0,7.0,7.0,-3913.0
1352,EURUSD,SELL,2024-10-29 03:45:40+00:00,2024-10-29 13:40:20+00:00,1.08159,1.08037,11.7,11.7,2.34.129,DEMO,OOS,0.0,0.1,0.1,DEMO_ACCOUNT,0.1,C:\Users\Leon\Desktop\QUANT\Data_Center\Data\2_Baseline\Trades\Backtest\DEMO_ACCOUNT\OOS\listOfTrades_EURUSD_59_2.34.129_SELL_M15_OOS.csv,0.1,7.0,70.0,819.0,0.0,819.0,7.0,7.0,-3094.0
1354,EURUSD,SELL,2024-10-30 05:54:20+00:00,2024-10-30 11:15:40+00:00,1.08194,1.08436,-24.7,-24.7,2.34.129,DEMO,OOS,0.0,0.1,0.1,DEMO_ACCOUNT,0.1,C:\Users\Leon\Desktop\QUANT\Data_Center\Data\2_Baseline\Trades\Backtest\DEMO_ACCOUNT\OOS\listOfTrades_EURUSD_59_2.34.129_SELL_M15_OOS.csv,0.1,7.0,70.0,-1729.0,0.0,-1729.0,7.0,7.0,-4823.0
1356,EURUSD,SELL,2024-11-01 04:50:40+00:00,2024-11-01 11:09:40+00:00,1.08806,1.0864,16.1,16.1,2.34.129,DEMO,OOS,0.0,0.1,0.1,DEMO_ACCOUNT,0.1,C:\Users\Leon\Desktop\QUANT\Data_Center\Data\2_Baseline\Trades\Backtest\DEMO_ACCOUNT\OOS\listOfTrades_EURUSD_59_2.34.129_SELL_M15_OOS.csv,0.1,7.0,70.0,1127.0,0.0,1127.0,7.0,7.0,-3696.0
1358,EURUSD,SELL,2024-11-04 09:00:20+00:00,2024-11-04 23:45:00+00:00,1.08917,1.08757,15.5,15.5,2.34.129,DEMO,OOS,0.0,0.1,0.1,DEMO_ACCOUNT,0.1,C:\Users\Leon\Desktop\QUANT\Data_Center\Data\2_Baseline\Trades\Backtest\DEMO_ACCOUNT\OOS\listOfTrades_EURUSD_59_2.34.129_SELL_M15_OOS.csv,0.1,7.0,70.0,1085.0,0.0,1085.0,7.0,7.0,-2611.0
1360,EURUSD,SELL,2024-11-05 05:16:40+00:00,2024-11-05 13:27:40+00:00,1.08784,1.09004,-22.5,-22.5,2.34.129,DEMO,OOS,0.0,0.1,0.1,DEMO_ACCOUNT,0.1,C:\Users\Leon\Desktop\QUANT\Data_Center\Data\2_Baseline\Trades\Backtest\DEMO_ACCOUNT\OOS\listOfTrades_EURUSD_59_2.34.129_SELL_M15_OOS.csv,0.1,7.0,70.0,-1575.0,0.0,-1575.0,7.0,7.0,-4186.0
1362,EURUSD,SELL,2024-11-06 01:00:40+00:00,2024-11-06 02:11:40+00:00,1.09257,1.09096,15.6,15.6,2.34.129,DEMO,OOS,0.0,0.1,0.1,DEMO_ACCOUNT,0.1,C:\Users\Leon\Desktop\QUANT\Data_Center\Data\2_Baseline\Trades\Backtest\DEMO_ACCOUNT\OOS\listOfTrades_EURUSD_59_2.34.129_SELL_M15_OOS.csv,0.1,7.0,70.0,1092.0,0.0,1092.0,7.0,7.0,-3094.0
1364,EURUSD,SELL,2024-11-07 04:57:40+00:00,2024-11-07 15:08:40+00:00,1.07359,1.07875,-52.1,-52.1,2.34.129,DEMO,OOS,0.0,0.1,0.1,DEMO_ACCOUNT,0.1,C:\Users\Leon\Desktop\QUANT\Data_Center\Data\2_Baseline\Trades\Backtest\DEMO_ACCOUNT\OOS\listOfTrades_EURUSD_59_2.34.129_SELL_M15_OOS.csv,0.1,7.0,70.0,-3647.0,0.0,-3647.0,7.0,7.0,-6741.0
1366,EURUSD,SELL,2024-11-08 01:20:40+00:00,2024-11-08 10:04:20+00:00,1.08001,1.07669,32.7,32.7,2.34.129,DEMO,OOS,0.0,0.1,0.1,DEMO_ACCOUNT,0.1,C:\Users\Leon\Desktop\QUANT\Data_Center\Data\2_Baseline\Trades\Backtest\DEMO_ACCOUNT\OOS\listOfTrades_EURUSD_59_2.34.129_SELL_M15_OOS.csv,0.1,7.0,70.0,2289.0,0.0,2289.0,7.0,7.0,-4452.0
1368,EURUSD,SELL,2024-11-11 02:22:20+00:00,2024-11-11 09:46:40+00:00,1.07172,1.06935,23.2,23.2,2.34.129,DEMO,OOS,0.0,0.1,0.1,DEMO_ACCOUNT,0.1,C:\Users\Leon\Desktop\QUANT\Data_Center\Data\2_Baseline\Trades\Backtest\DEMO_ACCOUNT\OOS\listOfTrades_EURUSD_59_2.34.129_SELL_M15_OOS.csv,0.1,7.0,70.0,1624.0,0.0,1624.0,7.0,7.0,-2828.0
1370,EURUSD,SELL,2024-11-12 03:45:40+00:00,2024-11-12 05:48:40+00:00,1.06564,1.06392,16.7,16.7,2.34.129,DEMO,OOS,0.0,0.1,0.1,DEMO_ACCOUNT,0.1,C:\Users\Leon\Desktop\QUANT\Data_Center\Data\2_Baseline\Trades\Backtest\DEMO_ACCOUNT\OOS\listOfTrades_EURUSD_59_2.34.129_SELL_M15_OOS.csv,0.1,7.0,70.0,1169.0,0.0,1169.0,7.0,7.0,-1659.0
1372,EURUSD,SELL,2024-11-13 01:47:40+00:00,2024-11-13 10:09:40+00:00,1.06176,1.05966,20.5,20.5,2.34.129,DEMO,OOS,0.0,0.1,0.1,DEMO_ACCOUNT,0.1,C:\Users\Leon\Desktop\QUANT\Data_Center\Data\2_Baseline\Trades\Backtest\DEMO_ACCOUNT\OOS\listOfTrades_EURUSD_59_2.34.129_SELL_M15_OOS.csv,0.1,7.0,70.0,1435.0,0.0,1435.0,7.0,7.0,-224.0
1374,EURUSD,SELL,2024-11-14 02:40:40+00:00,2024-11-14 07:12:40+00:00,1.05682,1.05423,25.4,25.4,2.34.129,DEMO,OOS,0.0,0.1,0.1,DEMO_ACCOUNT,0.1,C:\Users\Leon\Desktop\QUANT\Data_Center\Data\2_Baseline\Trades\Backtest\DEMO_ACCOUNT\OOS\listOfTrades_EURUSD_59_2.34.129_SELL_M15_OOS.csv,0.1,7.0,70.0,1778.0,0.0,1778.0,7.0,7.0,1554.0
1376,EURUSD,SELL,2024-11-15 04:02:40+00:00,2024-11-15 15:05:40+00:00,1.05363,1.05804,-44.6,-44.6,2.34.129,DEMO,OOS,0.0,0.1,0.1,DEMO_ACCOUNT,0.1,C:\Users\Leon\Desktop\QUANT\Data_Center\Data\2_Baseline\Trades\Backtest\DEMO_ACCOUNT\OOS\listOfTrades_EURUSD_59_2.34.129_SELL_M15_OOS.csv,0.1,7.0,70.0,-3122.0,0.0,-3122.0,7.0,7.0,-1568.0
1378,EURUSD,SELL,2024-11-18 02:21:40+00:00,2024-11-18 18:56:40+00:00,1.05391,1.05807,-42.1,-42.1,2.34.129,DEMO,OOS,0.0,0.1,0.1,DEMO_ACCOUNT,0.1,C:\Users\Leon\Desktop\QUANT\Data_Center\Data\2_Baseline\Trades\Backtest\DEMO_ACCOUNT\OOS\listOfTrades_EURUSD_59_2.34.129_SELL_M15_OOS.csv,0.1,7.0,70.0,-2947.0,0.0,-2947.0,7.0,7.0,-4515.0
1380,EURUSD,SELL,2024-11-19 02:19:40+00:00,2024-11-19 10:38:40+00:00,1.05936,1.05743,18.8,18.8,2.34.129,DEMO,OOS,0.0,0.1,0.1,DEMO_ACCOUNT,0.1,C:\Users\Leon\Desktop\QUANT\Data_Center\Data\2_Baseline\Trades\Backtest\DEMO_ACCOUNT\OOS\listOfTrades_EURUSD_59_2.34.129_SELL_M15_OOS.csv,0.1,7.0,70.0,1316.0,0.0,1316.0,7.0,7.0,-3199.0
1382,EURUSD,SELL,2024-11-20 04:50:20+00:00,2024-11-20 09:58:40+00:00,1.05989,1.0578,20.4,20.4,2.34.129,DEMO,OOS,0.0,0.1,0.1,DEMO_ACCOUNT,0.1,C:\Users\Leon\Desktop\QUANT\Data_Center\Data\2_Baseline\Trades\Backtest\DEMO_ACCOUNT\OOS\listOfTrades_EURUSD_59_2.34.129_SELL_M15_OOS.csv,0.1,7.0,70.0,1428.0,0.0,1428.0,7.0,7.0,-1771.0
1384,EURUSD,SELL,2024-11-21 07:15:40+00:00,2024-11-21 09:27:20+00:00,1.05479,1.05336,13.8,13.8,2.34.129,DEMO,OOS,0.0,0.1,0.1,DEMO_ACCOUNT,0.1,C:\Users\Leon\Desktop\QUANT\Data_Center\Data\2_Baseline\Trades\Backtest\DEMO_ACCOUNT\OOS\listOfTrades_EURUSD_59_2.34.129_SELL_M15_OOS.csv,0.1,7.0,70.0,966.0,0.0,966.0,7.0,7.0,-805.0
1386,EURUSD,SELL,2024-11-22 05:22:40+00:00,2024-11-22 10:50:40+00:00,1.04771,1.04556,21.0,21.0,2.34.129,DEMO,OOS,0.0,0.1,0.1,DEMO_ACCOUNT,0.1,C:\Users\Leon\Desktop\QUANT\Data_Center\Data\2_Baseline\Trades\Backtest\DEMO_ACCOUNT\OOS\listOfTrades_EURUSD_59_2.34.129_SELL_M15_OOS.csv,0.1,7.0,70.0,1470.0,0.0,1470.0,7.0,7.0,665.0
1388,EURUSD,SELL,2024-11-25 07:53:40+00:00,2024-11-25 10:12:40+00:00,1.04784,1.04495,28.4,28.4,2.34.129,DEMO,OOS,0.0,0.1,0.1,DEMO_ACCOUNT,0.1,C:\Users\Leon\Desktop\QUANT\Data_Center\Data\2_Baseline\Trades\Backtest\DEMO_ACCOUNT\OOS\listOfTrades_EURUSD_59_2.34.129_SELL_M15_OOS.csv,0.1,7.0,70.0,1988.0,0.0,1988.0,7.0,7.0,2653.0
1390,EURUSD,SELL,2024-11-26 05:46:40+00:00,2024-11-26 14:17:40+00:00,1.04738,1.05316,-58.3,-58.3,2.34.129,DEMO,OOS,0.0,0.1,0.1,DEMO_ACCOUNT,0.1,C:\Users\Leon\Desktop\QUANT\Data_Center\Data\2_Baseline\Trades\Backtest\DEMO_ACCOUNT\OOS\listOfTrades_EURUSD_59_2.34.129_SELL_M15_OOS.csv,0.1,7.0,70.0,-4081.0,0.0,-4081.0,7.0,7.0,-1428.0
1392,EURUSD,SELL,2024-11-28 01:00:40+00:00,2024-11-28 09:34:40+00:00,1.05675,1.05401,26.9,26.9,2.34.129,DEMO,OOS,0.0,0.1,0.1,DEMO_ACCOUNT,0.1,C:\Users\Leon\Desktop\QUANT\Data_Center\Data\2_Baseline\Trades\Backtest\DEMO_ACCOUNT\OOS\listOfTrades_EURUSD_59_2.34.129_SELL_M15_OOS.csv,0.1,7.0,70.0,1883.0,0.0,1883.0,7.0,7.0,455.0
1394,EURUSD,SELL,2024-11-29 08:15:40+00:00,2024-11-29 09:29:40+00:00,1.05678,1.05964,-29.1,-29.1,2.34.129,DEMO,OOS,0.0,0.1,0.1,DEMO_ACCOUNT,0.1,C:\Users\Leon\Desktop\QUANT\Data_Center\Data\2_Baseline\Trades\Backtest\DEMO_ACCOUNT\OOS\listOfTrades_EURUSD_59_2.34.129_SELL_M15_OOS.csv,0.1,7.0,70.0,-2037.0,0.0,-2037.0,7.0,7.0,-1582.0
1396,EURUSD,SELL,2024-12-02 08:45:40+00:00,2024-12-02 09:16:40+00:00,1.05333,1.05098,23.0,23.0,2.34.129,DEMO,OOS,0.0,0.1,0.1,DEMO_ACCOUNT,0.1,C:\Users\Leon\Desktop\QUANT\Data_Center\Data\2_Baseline\Trades\Backtest\DEMO_ACCOUNT\OOS\listOfTrades_EURUSD_59_2.34.129_SELL_M15_OOS.csv,0.1,7.0,70.0,1610.0,0.0,1610.0,7.0,7.0,28.0
1398,EURUSD,SELL,2024-12-03 03:07:40+00:00,2024-12-03 23:45:00+00:00,1.04966,1.05131,-17.0,-17.0,2.34.129,DEMO,OOS,0.0,0.1,0.1,DEMO_ACCOUNT,0.1,C:\Users\Leon\Desktop\QUANT\Data_Center\Data\2_Baseline\Trades\Backtest\DEMO_ACCOUNT\OOS\listOfTrades_EURUSD_59_2.34.129_SELL_M15_OOS.csv,0.1,7.0,70.0,-1190.0,0.0,-1190.0,7.0,7.0,-1162.0
1400,EURUSD,SELL,2024-12-04 10:17:40+00:00,2024-12-04 11:04:40+00:00,1.05096,1.04867,22.4,22.4,2.34.129,DEMO,OOS,0.0,0.1,0.1,DEMO_ACCOUNT,0.1,C:\Users\Leon\Desktop\QUANT\Data_Center\Data\2_Baseline\Trades\Backtest\DEMO_ACCOUNT\OOS\listOfTrades_EURUSD_59_2.34.129_SELL_M15_OOS.csv,0.1,7.0,70.0,1568.0,0.0,1568.0,7.0,7.0,406.0
1402,EURUSD,SELL,2024-12-05 04:22:40+00:00,2024-12-05 15:30:40+00:00,1.05172,1.0557,-40.3,-40.3,2.34.129,DEMO,OOS,0.0,0.1,0.1,DEMO_ACCOUNT,0.1,C:\Users\Leon\Desktop\QUANT\Data_Center\Data\2_Baseline\Trades\Backtest\DEMO_ACCOUNT\OOS\listOfTrades_EURUSD_59_2.34.129_SELL_M15_OOS.csv,0.1,7.0,70.0,-2821.0,0.0,-2821.0,7.0,7.0,-2415.0
1404,EURUSD,SELL,2024-12-06 02:28:40+00:00,2024-12-06 15:32:40+00:00,1.05806,1.0617,-36.9,-36.9,2.34.129,DEMO,OOS,0.0,0.1,0.1,DEMO_ACCOUNT,0.1,C:\Users\Leon\Desktop\QUANT\Data_Center\Data\2_Baseline\Trades\Backtest\DEMO_ACCOUNT\OOS\listOfTrades_EURUSD_59_2.34.129_SELL_M15_OOS.csv,0.1,7.0,70.0,-2583.0,0.0,-2583.0,7.0,7.0,-4998.0
1406,EURUSD,SELL,2024-12-10 04:08:40+00:00,2024-12-10 10:14:40+00:00,1.05607,1.05422,18.0,18.0,2.34.129,DEMO,OOS,0.0,0.1,0.1,DEMO_ACCOUNT,0.1,C:\Users\Leon\Desktop\QUANT\Data_Center\Data\2_Baseline\Trades\Backtest\DEMO_ACCOUNT\OOS\listOfTrades_EURUSD_59_2.34.129_SELL_M15_OOS.csv,0.1,7.0,70.0,1260.0,0.0,1260.0,7.0,7.0,-3738.0
1408,EURUSD,SELL,2024-12-11 05:43:40+00:00,2024-12-11 09:09:40+00:00,1.05316,1.05155,15.6,15.6,2.34.129,DEMO,OOS,0.0,0.1,0.1,DEMO_ACCOUNT,0.1,C:\Users\Leon\Desktop\QUANT\Data_Center\Data\2_Baseline\Trades\Backtest\DEMO_ACCOUNT\OOS\listOfTrades_EURUSD_59_2.34.129_SELL_M15_OOS.csv,0.1,7.0,70.0,1092.0,0.0,1092.0,7.0,7.0,-2646.0
1410,EURUSD,SELL,2024-12-12 01:00:40+00:00,2024-12-12 15:17:40+00:00,1.04967,1.04714,24.8,24.8,2.34.129,DEMO,OOS,0.0,0.1,0.1,DEMO_ACCOUNT,0.1,C:\Users\Leon\Desktop\QUANT\Data_Center\Data\2_Baseline\Trades\Backtest\DEMO_ACCOUNT\OOS\listOfTrades_EURUSD_59_2.34.129_SELL_M15_OOS.csv,0.1,7.0,70.0,1736.0,0.0,1736.0,7.0,7.0,-910.0
1412,EURUSD,SELL,2024-12-13 02:55:20+00:00,2024-12-13 09:12:40+00:00,1.04793,1.04548,24.0,24.0,2.34.129,DEMO,OOS,0.0,0.1,0.1,DEMO_ACCOUNT,0.1,C:\Users\Leon\Desktop\QUANT\Data_Center\Data\2_Baseline\Trades\Backtest\DEMO_ACCOUNT\OOS\listOfTrades_EURUSD_59_2.34.129_SELL_M15_OOS.csv,0.1,7.0,70.0,1680.0,0.0,1680.0,7.0,7.0,770.0
1414,EURUSD,SELL,2024-12-16 09:08:40+00:00,2024-12-16 12:37:40+00:00,1.0516,1.04971,18.4,18.4,2.34.129,DEMO,OOS,0.0,0.1,0.1,DEMO_ACCOUNT,0.1,C:\Users\Leon\Desktop\QUANT\Data_Center\Data\2_Baseline\Trades\Backtest\DEMO_ACCOUNT\OOS\listOfTrades_EURUSD_59_2.34.129_SELL_M15_OOS.csv,0.1,7.0,70.0,1288.0,0.0,1288.0,7.0,7.0,2058.0
1416,EURUSD,SELL,2024-12-17 05:00:40+00:00,2024-12-17 08:24:40+00:00,1.05179,1.04982,19.2,19.2,2.34.129,DEMO,OOS,0.0,0.1,0.1,DEMO_ACCOUNT,0.1,C:\Users\Leon\Desktop\QUANT\Data_Center\Data\2_Baseline\Trades\Backtest\DEMO_ACCOUNT\OOS\listOfTrades_EURUSD_59_2.34.129_SELL_M15_OOS.csv,0.1,7.0,70.0,1344.0,0.0,1344.0,7.0,7.0,3402.0
1418,EURUSD,SELL,2024-12-18 02:07:40+00:00,2024-12-18 17:49:40+00:00,1.04957,1.04779,17.3,17.3,2.34.129,DEMO,OOS,0.0,0.1,0.1,DEMO_ACCOUNT,0.1,C:\Users\Leon\Desktop\QUANT\Data_Center\Data\2_Baseline\Trades\Backtest\DEMO_ACCOUNT\OOS\listOfTrades_EURUSD_59_2.34.129_SELL_M15_OOS.csv,0.1,7.0,70.0,1211.0,0.0,1211.0,7.0,7.0,4613.0
1420,EURUSD,SELL,2024-12-19 04:57:40+00:00,2024-12-19 23:45:00+00:00,1.03883,1.03631,24.7,24.7,2.34.129,DEMO,OOS,0.0,0.1,0.1,DEMO_ACCOUNT,0.1,C:\Users\Leon\Desktop\QUANT\Data_Center\Data\2_Baseline\Trades\Backtest\DEMO_ACCOUNT\OOS\listOfTrades_EURUSD_59_2.34.129_SELL_M15_OOS.csv,0.1,7.0,70.0,1729.0,0.0,1729.0,7.0,7.0,6342.0
1422,EURUSD,SELL,2024-12-23 02:47:40+00:00,2024-12-23 10:25:40+00:00,1.04342,1.04076,26.1,26.1,2.34.129,DEMO,OOS,0.0,0.1,0.1,DEMO_ACCOUNT,0.1,C:\Users\Leon\Desktop\QUANT\Data_Center\Data\2_Baseline\Trades\Backtest\DEMO_ACCOUNT\OOS\listOfTrades_EURUSD_59_2.34.129_SELL_M15_OOS.csv,0.1,7.0,70.0,1827.0,0.0,1827.0,7.0,7.0,8169.0
1424,EURUSD,SELL,2024-12-24 01:00:40+00:00,2024-12-24 19:42:40+00:00,1.04061,1.03858,19.8,19.8,2.34.129,DEMO,OOS,0.0,0.1,0.1,DEMO_ACCOUNT,0.1,C:\Users\Leon\Desktop\QUANT\Data_Center\Data\2_Baseline\Trades\Backtest\DEMO_ACCOUNT\OOS\listOfTrades_EURUSD_59_2.34.129_SELL_M15_OOS.csv,0.1,7.0,70.0,1386.0,0.0,1386.0,7.0,7.0,9555.0
1426,EURUSD,SELL,2024-12-26 02:15:40+00:00,2024-12-26 20:36:40+00:00,1.03968,1.04286,-32.3,-32.3,2.34.129,DEMO,OOS,0.0,0.1,0.1,DEMO_ACCOUNT,0.1,C:\Users\Leon\Desktop\QUANT\Data_Center\Data\2_Baseline\Trades\Backtest\DEMO_ACCOUNT\OOS\listOfTrades_EURUSD_59_2.34.129_SELL_M15_OOS.csv,0.1,7.0,70.0,-2261.0,0.0,-2261.0,7.0,7.0,7294.0
1428,EURUSD,SELL,2024-12-27 02:47:40+00:00,2024-12-27 09:44:20+00:00,1.04207,1.04055,14.7,14.7,2.34.129,DEMO,OOS,0.0,0.1,0.1,DEMO_ACCOUNT,0.1,C:\Users\Leon\Desktop\QUANT\Data_Center\Data\2_Baseline\Trades\Backtest\DEMO_ACCOUNT\OOS\listOfTrades_EURUSD_59_2.34.129_SELL_M15_OOS.csv,0.1,7.0,70.0,1029.0,0.0,1029.0,7.0,7.0,8323.0
1430,EURUSD,SELL,2024-12-30 02:17:40+00:00,2024-12-30 10:57:40+00:00,1.0429,1.04116,16.9,16.9,2.34.129,DEMO,OOS,0.0,0.1,0.1,DEMO_ACCOUNT,0.1,C:\Users\Leon\Desktop\QUANT\Data_Center\Data\2_Baseline\Trades\Backtest\DEMO_ACCOUNT\OOS\listOfTrades_EURUSD_59_2.34.129_SELL_M15_OOS.csv,0.1,7.0,70.0,1183.0,0.0,1183.0,7.0,7.0,9506.0
1432,EURUSD,SELL,2024-12-31 02:55:40+00:00,2024-12-31 16:09:40+00:00,1.04025,1.03819,20.1,20.1,2.34.129,DEMO,OOS,0.0,0.1,0.1,DEMO_ACCOUNT,0.1,C:\Users\Leon\Desktop\QUANT\Data_Center\Data\2_Baseline\Trades\Backtest\DEMO_ACCOUNT\OOS\listOfTrades_EURUSD_59_2.34.129_SELL_M15_OOS.csv,0.1,7.0,70.0,1407.0,0.0,1407.0,7.0,7.0,10913.0
1434,EURUSD,SELL,2025-01-03 02:02:40+00:00,2025-01-03 23:45:00+00:00,1.02693,1.03073,-38.5,-38.5,2.34.129,DEMO,OOS,0.0,0.1,0.1,DEMO_ACCOUNT,0.1,C:\Users\Leon\Desktop\QUANT\Data_Center\Data\2_Baseline\Trades\Backtest\DEMO_ACCOUNT\OOS\listOfTrades_EURUSD_59_2.34.129_SELL_M15_OOS.csv,0.1,7.0,70.0,-2695.0,0.0,-2695.0,7.0,7.0,8218.0
1436,EURUSD,SELL,2025-01-06 01:00:40+00:00,2025-01-06 10:13:40+00:00,1.03019,1.03365,-35.1,-35.1,2.34.129,DEMO,OOS,0.0,0.1,0.1,DEMO_ACCOUNT,0.1,C:\Users\Leon\Desktop\QUANT\Data_Center\Data\2_Baseline\Trades\Backtest\DEMO_ACCOUNT\OOS\listOfTrades_EURUSD_59_2.34.129_SELL_M15_OOS.csv,0.1,7.0,70.0,-2457.0,0.0,-2457.0,7.0,7.0,5761.0
1438,EURUSD,SELL,2025-01-07 01:00:20+00:00,2025-01-07 17:45:40+00:00,1.03899,1.03582,31.2,31.2,2.34.129,DEMO,OOS,0.0,0.1,0.1,DEMO_ACCOUNT,0.1,C:\Users\Leon\Desktop\QUANT\Data_Center\Data\2_Baseline\Trades\Backtest\DEMO_ACCOUNT\OOS\listOfTrades_EURUSD_59_2.34.129_SELL_M15_OOS.csv,0.1,7.0,70.0,2184.0,0.0,2184.0,7.0,7.0,7945.0
1440,EURUSD,SELL,2025-01-08 03:37:40+00:00,2025-01-08 10:06:40+00:00,1.03508,1.03279,22.4,22.4,2.34.129,DEMO,OOS,0.0,0.1,0.1,DEMO_ACCOUNT,0.1,C:\Users\Leon\Desktop\QUANT\Data_Center\Data\2_Baseline\Trades\Backtest\DEMO_ACCOUNT\OOS\listOfTrades_EURUSD_59_2.34.129_SELL_M15_OOS.csv,0.1,7.0,70.0,1568.0,0.0,1568.0,7.0,7.0,9513.0
1442,EURUSD,SELL,2025-01-09 03:00:40+00:00,2025-01-09 09:58:40+00:00,1.03133,1.02927,20.1,20.1,2.34.129,DEMO,OOS,0.0,0.1,0.1,DEMO_ACCOUNT,0.1,C:\Users\Leon\Desktop\QUANT\Data_Center\Data\2_Baseline\Trades\Backtest\DEMO_ACCOUNT\OOS\listOfTrades_EURUSD_59_2.34.129_SELL_M15_OOS.csv,0.1,7.0,70.0,1407.0,0.0,1407.0,7.0,7.0,10920.0
1444,EURUSD,SELL,2025-01-10 03:24:40+00:00,2025-01-10 07:57:40+00:00,1.03016,1.02867,14.4,14.4,2.34.129,DEMO,OOS,0.0,0.1,0.1,DEMO_ACCOUNT,0.1,C:\Users\Leon\Desktop\QUANT\Data_Center\Data\2_Baseline\Trades\Backtest\DEMO_ACCOUNT\OOS\listOfTrades_EURUSD_59_2.34.129_SELL_M15_OOS.csv,0.1,7.0,70.0,1008.0,0.0,1008.0,7.0,7.0,11928.0
1446,EURUSD,SELL,2025-01-13 01:33:40+00:00,2025-01-13 05:43:40+00:00,1.02464,1.02178,28.1,28.1,2.34.129,DEMO,OOS,0.0,0.1,0.1,DEMO_ACCOUNT,0.1,C:\Users\Leon\Desktop\QUANT\Data_Center\Data\2_Baseline\Trades\Backtest\DEMO_ACCOUNT\OOS\listOfTrades_EURUSD_59_2.34.129_SELL_M15_OOS.csv,0.1,7.0,70.0,1967.0,0.0,1967.0,7.0,7.0,13895.0
1448,EURUSD,SELL,2025-01-14 06:26:40+00:00,2025-01-14 17:43:40+00:00,1.02484,1.02889,-41.0,-41.0,2.34.129,DEMO,OOS,0.0,0.1,0.1,DEMO_ACCOUNT,0.1,C:\Users\Leon\Desktop\QUANT\Data_Center\Data\2_Baseline\Trades\Backtest\DEMO_ACCOUNT\OOS\listOfTrades_EURUSD_59_2.34.129_SELL_M15_OOS.csv,0.1,7.0,70.0,-2870.0,0.0,-2870.0,7.0,7.0,11025.0
1450,EURUSD,SELL,2025-01-15 02:30:40+00:00,2025-01-15 15:30:40+00:00,1.03013,1.03375,-36.7,-36.7,2.34.129,DEMO,OOS,0.0,0.1,0.1,DEMO_ACCOUNT,0.1,C:\Users\Leon\Desktop\QUANT\Data_Center\Data\2_Baseline\Trades\Backtest\DEMO_ACCOUNT\OOS\listOfTrades_EURUSD_59_2.34.129_SELL_M15_OOS.csv,0.1,7.0,70.0,-2569.0,0.0,-2569.0,7.0,7.0,8456.0
1452,EURUSD,SELL,2025-01-16 01:59:40+00:00,2025-01-16 14:31:20+00:00,1.02954,1.02717,23.2,23.2,2.34.129,DEMO,OOS,0.0,0.1,0.1,DEMO_ACCOUNT,0.1,C:\Users\Leon\Desktop\QUANT\Data_Center\Data\2_Baseline\Trades\Backtest\DEMO_ACCOUNT\OOS\listOfTrades_EURUSD_59_2.34.129_SELL_M15_OOS.csv,0.1,7.0,70.0,1624.0,0.0,1624.0,7.0,7.0,10080.0
1454,EURUSD,SELL,2025-01-17 02:30:40+00:00,2025-01-17 09:34:40+00:00,1.03015,1.02795,21.5,21.5,2.34.129,DEMO,OOS,0.0,0.1,0.1,DEMO_ACCOUNT,0.1,C:\Users\Leon\Desktop\QUANT\Data_Center\Data\2_Baseline\Trades\Backtest\DEMO_ACCOUNT\OOS\listOfTrades_EURUSD_59_2.34.129_SELL_M15_OOS.csv,0.1,7.0,70.0,1505.0,0.0,1505.0,7.0,7.0,11585.0
1456,EURUSD,SELL,2025-01-20 15:30:40+00:00,2025-01-20 15:31:40+00:00,1.0316,1.03525,-37.0,-37.0,2.34.129,DEMO,OOS,0.0,0.1,0.1,DEMO_ACCOUNT,0.1,C:\Users\Leon\Desktop\QUANT\Data_Center\Data\2_Baseline\Trades\Backtest\DEMO_ACCOUNT\OOS\listOfTrades_EURUSD_59_2.34.129_SELL_M15_OOS.csv,0.1,7.0,70.0,-2590.0,0.0,-2590.0,7.0,7.0,8995.0
1458,EURUSD,SELL,2025-01-22 02:20:40+00:00,2025-01-22 23:45:00+00:00,1.04212,1.04104,10.3,10.3,2.34.129,DEMO,OOS,0.0,0.1,0.1,DEMO_ACCOUNT,0.1,C:\Users\Leon\Desktop\QUANT\Data_Center\Data\2_Baseline\Trades\Backtest\DEMO_ACCOUNT\OOS\listOfTrades_EURUSD_59_2.34.129_SELL_M15_OOS.csv,0.1,7.0,70.0,721.0,0.0,721.0,7.0,7.0,9716.0
1460,EURUSD,SELL,2025-01-24 03:19:40+00:00,2025-01-24 08:12:40+00:00,1.04202,1.04548,-35.1,-35.1,2.34.129,DEMO,OOS,0.0,0.1,0.1,DEMO_ACCOUNT,0.1,C:\Users\Leon\Desktop\QUANT\Data_Center\Data\2_Baseline\Trades\Backtest\DEMO_ACCOUNT\OOS\listOfTrades_EURUSD_59_2.34.129_SELL_M15_OOS.csv,0.1,7.0,70.0,-2457.0,0.0,-2457.0,7.0,7.0,7259.0
1462,EURUSD,SELL,2025-01-29 03:00:40+00:00,2025-01-29 11:05:40+00:00,1.04306,1.04131,17.0,17.0,2.34.129,DEMO,OOS,0.0,0.1,0.1,DEMO_ACCOUNT,0.1,C:\Users\Leon\Desktop\QUANT\Data_Center\Data\2_Baseline\Trades\Backtest\DEMO_ACCOUNT\OOS\listOfTrades_EURUSD_59_2.34.129_SELL_M15_OOS.csv,0.1,7.0,70.0,1190.0,0.0,1190.0,7.0,7.0,8449.0
1464,EURUSD,SELL,2025-01-30 03:33:40+00:00,2025-01-30 12:51:20+00:00,1.04211,1.03966,24.0,24.0,2.34.129,DEMO,OOS,0.0,0.1,0.1,DEMO_ACCOUNT,0.1,C:\Users\Leon\Desktop\QUANT\Data_Center\Data\2_Baseline\Trades\Backtest\DEMO_ACCOUNT\OOS\listOfTrades_EURUSD_59_2.34.129_SELL_M15_OOS.csv,0.1,7.0,70.0,1680.0,0.0,1680.0,7.0,7.0,10129.0
1466,EURUSD,SELL,2025-01-31 08:39:40+00:00,2025-01-31 11:01:40+00:00,1.0393,1.03712,21.3,21.3,2.34.129,DEMO,OOS,0.0,0.1,0.1,DEMO_ACCOUNT,0.1,C:\Users\Leon\Desktop\QUANT\Data_Center\Data\2_Baseline\Trades\Backtest\DEMO_ACCOUNT\OOS\listOfTrades_EURUSD_59_2.34.129_SELL_M15_OOS.csv,0.1,7.0,70.0,1491.0,0.0,1491.0,7.0,7.0,11620.0
1468,EURUSD,SELL,2025-02-03 08:33:40+00:00,2025-02-03 17:42:40+00:00,1.02502,1.03269,-77.2,-77.2,2.34.129,DEMO,OOS,0.0,0.1,0.1,DEMO_ACCOUNT,0.1,C:\Users\Leon\Desktop\QUANT\Data_Center\Data\2_Baseline\Trades\Backtest\DEMO_ACCOUNT\OOS\listOfTrades_EURUSD_59_2.34.129_SELL_M15_OOS.csv,0.1,7.0,70.0,-5404.0,0.0,-5404.0,7.0,7.0,6216.0
1470,EURUSD,SELL,2025-02-05 04:11:40+00:00,2025-02-05 12:29:40+00:00,1.0381,1.04192,-38.7,-38.7,2.34.129,DEMO,OOS,0.0,0.1,0.1,DEMO_ACCOUNT,0.1,C:\Users\Leon\Desktop\QUANT\Data_Center\Data\2_Baseline\Trades\Backtest\DEMO_ACCOUNT\OOS\listOfTrades_EURUSD_59_2.34.129_SELL_M15_OOS.csv,0.1,7.0,70.0,-2709.0,0.0,-2709.0,7.0,7.0,3507.0
1472,EURUSD,SELL,2025-02-07 03:54:40+00:00,2025-02-07 15:30:40+00:00,1.03843,1.03668,17.0,17.0,2.34.129,DEMO,OOS,0.0,0.1,0.1,DEMO_ACCOUNT,0.1,C:\Users\Leon\Desktop\QUANT\Data_Center\Data\2_Baseline\Trades\Backtest\DEMO_ACCOUNT\OOS\listOfTrades_EURUSD_59_2.34.129_SELL_M15_OOS.csv,0.1,7.0,70.0,1190.0,0.0,1190.0,7.0,7.0,4697.0
1474,EURUSD,SELL,2025-02-10 07:00:40+00:00,2025-02-10 23:45:00+00:00,1.03136,1.03074,5.7,5.7,2.34.129,DEMO,OOS,0.0,0.1,0.1,DEMO_ACCOUNT,0.1,C:\Users\Leon\Desktop\QUANT\Data_Center\Data\2_Baseline\Trades\Backtest\DEMO_ACCOUNT\OOS\listOfTrades_EURUSD_59_2.34.129_SELL_M15_OOS.csv,0.1,7.0,70.0,399.0,0.0,399.0,7.0,7.0,5096.0
1476,EURUSD,SELL,2025-02-12 05:51:40+00:00,2025-02-12 15:30:40+00:00,1.03616,1.03451,16.0,16.0,2.34.129,DEMO,OOS,0.0,0.1,0.1,DEMO_ACCOUNT,0.1,C:\Users\Leon\Desktop\QUANT\Data_Center\Data\2_Baseline\Trades\Backtest\DEMO_ACCOUNT\OOS\listOfTrades_EURUSD_59_2.34.129_SELL_M15_OOS.csv,0.1,7.0,70.0,1120.0,0.0,1120.0,7.0,7.0,6216.0
1478,EURUSD,SELL,2025-02-13 03:09:40+00:00,2025-02-13 07:00:40+00:00,1.03917,1.04366,-45.4,-45.4,2.34.129,DEMO,OOS,0.0,0.1,0.1,DEMO_ACCOUNT,0.1,C:\Users\Leon\Desktop\QUANT\Data_Center\Data\2_Baseline\Trades\Backtest\DEMO_ACCOUNT\OOS\listOfTrades_EURUSD_59_2.34.129_SELL_M15_OOS.csv,0.1,7.0,70.0,-3178.0,0.0,-3178.0,7.0,7.0,3038.0
1480,EURUSD,SELL,2025-02-14 12:47:40+00:00,2025-02-14 16:42:40+00:00,1.04697,1.0508,-38.8,-38.8,2.34.129,DEMO,OOS,0.0,0.1,0.1,DEMO_ACCOUNT,0.1,C:\Users\Leon\Desktop\QUANT\Data_Center\Data\2_Baseline\Trades\Backtest\DEMO_ACCOUNT\OOS\listOfTrades_EURUSD_59_2.34.129_SELL_M15_OOS.csv,0.1,7.0,70.0,-2716.0,0.0,-2716.0,7.0,7.0,322.0
1482,EURUSD,SELL,2025-02-18 01:40:40+00:00,2025-02-18 03:26:40+00:00,1.04823,1.04679,13.9,13.9,2.34.129,DEMO,OOS,0.0,0.1,0.1,DEMO_ACCOUNT,0.1,C:\Users\Leon\Desktop\QUANT\Data_Center\Data\2_Baseline\Trades\Backtest\DEMO_ACCOUNT\OOS\listOfTrades_EURUSD_59_2.34.129_SELL_M15_OOS.csv,0.1,7.0,70.0,973.0,0.0,973.0,7.0,7.0,1295.0
1484,EURUSD,SELL,2025-02-20 02:01:40+00:00,2025-02-20 15:22:40+00:00,1.04231,1.04514,-28.8,-28.8,2.34.129,DEMO,OOS,0.0,0.1,0.1,DEMO_ACCOUNT,0.1,C:\Users\Leon\Desktop\QUANT\Data_Center\Data\2_Baseline\Trades\Backtest\DEMO_ACCOUNT\OOS\listOfTrades_EURUSD_59_2.34.129_SELL_M15_OOS.csv,0.1,7.0,70.0,-2016.0,0.0,-2016.0,7.0,7.0,-721.0
1486,EURUSD,SELL,2025-02-21 04:14:40+00:00,2025-02-21 10:15:40+00:00,1.04963,1.04771,18.7,18.7,2.34.129,DEMO,OOS,0.0,0.1,0.1,DEMO_ACCOUNT,0.1,C:\Users\Leon\Desktop\QUANT\Data_Center\Data\2_Baseline\Trades\Backtest\DEMO_ACCOUNT\OOS\listOfTrades_EURUSD_59_2.34.129_SELL_M15_OOS.csv,0.1,7.0,70.0,1309.0,0.0,1309.0,7.0,7.0,588.0
1488,EURUSD,SELL,2025-02-24 18:53:40+00:00,2025-02-24 23:45:00+00:00,1.0474,1.04665,7.0,7.0,2.34.129,DEMO,OOS,0.0,0.1,0.1,DEMO_ACCOUNT,0.1,C:\Users\Leon\Desktop\QUANT\Data_Center\Data\2_Baseline\Trades\Backtest\DEMO_ACCOUNT\OOS\listOfTrades_EURUSD_59_2.34.129_SELL_M15_OOS.csv,0.1,7.0,70.0,490.0,0.0,490.0,7.0,7.0,1078.0
1490,EURUSD,SELL,2025-02-25 09:16:40+00:00,2025-02-25 10:01:40+00:00,1.04725,1.04575,14.5,14.5,2.34.129,DEMO,OOS,0.0,0.1,0.1,DEMO_ACCOUNT,0.1,C:\Users\Leon\Desktop\QUANT\Data_Center\Data\2_Baseline\Trades\Backtest\DEMO_ACCOUNT\OOS\listOfTrades_EURUSD_59_2.34.129_SELL_M15_OOS.csv,0.1,7.0,70.0,1015.0,0.0,1015.0,7.0,7.0,2093.0
1492,EURUSD,SELL,2025-02-26 03:46:20+00:00,2025-02-26 06:52:20+00:00,1.05164,1.04979,18.0,18.0,2.34.129,DEMO,OOS,0.0,0.1,0.1,DEMO_ACCOUNT,0.1,C:\Users\Leon\Desktop\QUANT\Data_Center\Data\2_Baseline\Trades\Backtest\DEMO_ACCOUNT\OOS\listOfTrades_EURUSD_59_2.34.129_SELL_M15_OOS.csv,0.1,7.0,70.0,1260.0,0.0,1260.0,7.0,7.0,3353.0
1494,EURUSD,SELL,2025-03-03 08:03:40+00:00,2025-03-03 10:36:40+00:00,1.04154,1.03922,22.7,22.7,2.34.129,DEMO,OOS,0.0,0.1,0.1,DEMO_ACCOUNT,0.1,C:\Users\Leon\Desktop\QUANT\Data_Center\Data\2_Baseline\Trades\Backtest\DEMO_ACCOUNT\OOS\listOfTrades_EURUSD_59_2.34.129_SELL_M15_OOS.csv,0.1,7.0,70.0,1589.0,0.0,1589.0,7.0,7.0,4942.0
1496,EURUSD,SELL,2025-03-04 01:00:20+00:00,2025-03-04 13:51:40+00:00,1.04876,1.05318,-44.7,-44.7,2.34.129,DEMO,OOS,0.0,0.1,0.1,DEMO_ACCOUNT,0.1,C:\Users\Leon\Desktop\QUANT\Data_Center\Data\2_Baseline\Trades\Backtest\DEMO_ACCOUNT\OOS\listOfTrades_EURUSD_59_2.34.129_SELL_M15_OOS.csv,0.1,7.0,70.0,-3129.0,0.0,-3129.0,7.0,7.0,1813.0
1498,EURUSD,SELL,2025-03-06 06:41:40+00:00,2025-03-06 17:03:40+00:00,1.0798,1.08505,-53.0,-53.0,2.34.129,DEMO,OOS,0.0,0.1,0.1,DEMO_ACCOUNT,0.1,C:\Users\Leon\Desktop\QUANT\Data_Center\Data\2_Baseline\Trades\Backtest\DEMO_ACCOUNT\OOS\listOfTrades_EURUSD_59_2.34.129_SELL_M15_OOS.csv,0.1,7.0,70.0,-3710.0,0.0,-3710.0,7.0,7.0,-1897.0
1500,EURUSD,SELL,2025-03-10 05:00:40+00:00,2025-03-10 10:50:20+00:00,1.08545,1.08213,32.7,32.7,2.34.129,DEMO,OOS,0.0,0.1,0.1,DEMO_ACCOUNT,0.1,C:\Users\Leon\Desktop\QUANT\Data_Center\Data\2_Baseline\Trades\Backtest\DEMO_ACCOUNT\OOS\listOfTrades_EURUSD_59_2.34.129_SELL_M15_OOS.csv,0.1,7.0,70.0,2289.0,0.0,2289.0,7.0,7.0,392.0
1502,EURUSD,SELL,2025-03-11 09:20:40+00:00,2025-03-11 10:42:40+00:00,1.08491,1.08882,-39.6,-39.6,2.34.129,DEMO,OOS,0.0,0.1,0.1,DEMO_ACCOUNT,0.1,C:\Users\Leon\Desktop\QUANT\Data_Center\Data\2_Baseline\Trades\Backtest\DEMO_ACCOUNT\OOS\listOfTrades_EURUSD_59_2.34.129_SELL_M15_OOS.csv,0.1,7.0,70.0,-2772.0,0.0,-2772.0,7.0,7.0,-2380.0
1504,EURUSD,SELL,2025-03-12 11:05:40+00:00,2025-03-12 15:38:40+00:00,1.09076,1.08879,19.2,19.2,2.34.129,DEMO,OOS,0.0,0.1,0.1,DEMO_ACCOUNT,0.1,C:\Users\Leon\Desktop\QUANT\Data_Center\Data\2_Baseline\Trades\Backtest\DEMO_ACCOUNT\OOS\listOfTrades_EURUSD_59_2.34.129_SELL_M15_OOS.csv,0.1,7.0,70.0,1344.0,0.0,1344.0,7.0,7.0,-1036.0
1506,EURUSD,SELL,2025-03-13 05:11:40+00:00,2025-03-13 09:43:40+00:00,1.08923,1.08711,20.7,20.7,2.34.129,DEMO,OOS,0.0,0.1,0.1,DEMO_ACCOUNT,0.1,C:\Users\Leon\Desktop\QUANT\Data_Center\Data\2_Baseline\Trades\Backtest\DEMO_ACCOUNT\OOS\listOfTrades_EURUSD_59_2.34.129_SELL_M15_OOS.csv,0.1,7.0,70.0,1449.0,0.0,1449.0,7.0,7.0,413.0
1508,EURUSD,SELL,2025-03-14 03:00:40+00:00,2025-03-14 13:45:40+00:00,1.08554,1.08961,-41.2,-41.2,2.34.129,DEMO,OOS,0.0,0.1,0.1,DEMO_ACCOUNT,0.1,C:\Users\Leon\Desktop\QUANT\Data_Center\Data\2_Baseline\Trades\Backtest\DEMO_ACCOUNT\OOS\listOfTrades_EURUSD_59_2.34.129_SELL_M15_OOS.csv,0.1,7.0,70.0,-2884.0,0.0,-2884.0,7.0,7.0,-2471.0
1510,EURUSD,SELL,2025-03-17 03:00:40+00:00,2025-03-17 17:50:40+00:00,1.08809,1.09166,-36.2,-36.2,2.34.129,DEMO,OOS,0.0,0.1,0.1,DEMO_ACCOUNT,0.1,C:\Users\Leon\Desktop\QUANT\Data_Center\Data\2_Baseline\Trades\Backtest\DEMO_ACCOUNT\OOS\listOfTrades_EURUSD_59_2.34.129_SELL_M15_OOS.csv,0.1,7.0,70.0,-2534.0,0.0,-2534.0,7.0,7.0,-5005.0
1512,EURUSD,SELL,2025-03-18 01:30:40+00:00,2025-03-18 11:15:40+00:00,1.09213,1.09527,-31.9,-31.9,2.34.129,DEMO,OOS,0.0,0.1,0.1,DEMO_ACCOUNT,0.1,C:\Users\Leon\Desktop\QUANT\Data_Center\Data\2_Baseline\Trades\Backtest\DEMO_ACCOUNT\OOS\listOfTrades_EURUSD_59_2.34.129_SELL_M15_OOS.csv,0.1,7.0,70.0,-2233.0,0.0,-2233.0,7.0,7.0,-7238.0
1514,EURUSD,SELL,2025-03-19 01:46:40+00:00,2025-03-19 10:02:40+00:00,1.0941,1.09188,21.7,21.7,2.34.129,DEMO,OOS,0.0,0.1,0.1,DEMO_ACCOUNT,0.1,C:\Users\Leon\Desktop\QUANT\Data_Center\Data\2_Baseline\Trades\Backtest\DEMO_ACCOUNT\OOS\listOfTrades_EURUSD_59_2.34.129_SELL_M15_OOS.csv,0.1,7.0,70.0,1519.0,0.0,1519.0,7.0,7.0,-5719.0
1516,EURUSD,SELL,2025-03-20 07:26:20+00:00,2025-03-20 10:19:40+00:00,1.09086,1.08867,21.4,21.4,2.34.129,DEMO,OOS,0.0,0.1,0.1,DEMO_ACCOUNT,0.1,C:\Users\Leon\Desktop\QUANT\Data_Center\Data\2_Baseline\Trades\Backtest\DEMO_ACCOUNT\OOS\listOfTrades_EURUSD_59_2.34.129_SELL_M15_OOS.csv,0.1,7.0,70.0,1498.0,0.0,1498.0,7.0,7.0,-4221.0
1518,EURUSD,SELL,2025-03-21 04:21:40+00:00,2025-03-21 06:36:40+00:00,1.08536,1.08361,17.0,17.0,2.34.129,DEMO,OOS,0.0,0.1,0.1,DEMO_ACCOUNT,0.1,C:\Users\Leon\Desktop\QUANT\Data_Center\Data\2_Baseline\Trades\Backtest\DEMO_ACCOUNT\OOS\listOfTrades_EURUSD_59_2.34.129_SELL_M15_OOS.csv,0.1,7.0,70.0,1190.0,0.0,1190.0,7.0,7.0,-3031.0
1520,EURUSD,SELL,2025-03-24 02:01:40+00:00,2025-03-24 11:24:20+00:00,1.08208,1.0858,-37.7,-37.7,2.34.129,DEMO,OOS,0.0,0.1,0.1,DEMO_ACCOUNT,0.1,C:\Users\Leon\Desktop\QUANT\Data_Center\Data\2_Baseline\Trades\Backtest\DEMO_ACCOUNT\OOS\listOfTrades_EURUSD_59_2.34.129_SELL_M15_OOS.csv,0.1,7.0,70.0,-2639.0,0.0,-2639.0,7.0,7.0,-5670.0
1522,EURUSD,SELL,2025-03-25 02:53:40+00:00,2025-03-25 11:17:20+00:00,1.08028,1.07786,23.7,23.7,2.34.129,DEMO,OOS,0.0,0.1,0.1,DEMO_ACCOUNT,0.1,C:\Users\Leon\Desktop\QUANT\Data_Center\Data\2_Baseline\Trades\Backtest\DEMO_ACCOUNT\OOS\listOfTrades_EURUSD_59_2.34.129_SELL_M15_OOS.csv,0.1,7.0,70.0,1659.0,0.0,1659.0,7.0,7.0,-4011.0
1524,EURUSD,SELL,2025-03-26 06:43:20+00:00,2025-03-26 16:18:40+00:00,1.07913,1.07748,16.0,16.0,2.34.129,DEMO,OOS,0.0,0.1,0.1,DEMO_ACCOUNT,0.1,C:\Users\Leon\Desktop\QUANT\Data_Center\Data\2_Baseline\Trades\Backtest\DEMO_ACCOUNT\OOS\listOfTrades_EURUSD_59_2.34.129_SELL_M15_OOS.csv,0.1,7.0,70.0,1120.0,0.0,1120.0,7.0,7.0,-2891.0
1526,EURUSD,SELL,2025-03-27 10:15:40+00:00,2025-03-27 18:31:40+00:00,1.07721,1.08081,-36.5,-36.5,2.34.129,DEMO,OOS,0.0,0.1,0.1,DEMO_ACCOUNT,0.1,C:\Users\Leon\Desktop\QUANT\Data_Center\Data\2_Baseline\Trades\Backtest\DEMO_ACCOUNT\OOS\listOfTrades_EURUSD_59_2.34.129_SELL_M15_OOS.csv,0.1,7.0,70.0,-2555.0,0.0,-2555.0,7.0,7.0,-5446.0
1528,EURUSD,SELL,2025-03-28 04:15:40+00:00,2025-03-28 11:30:40+00:00,1.07969,1.07765,19.9,19.9,2.34.129,DEMO,OOS,0.0,0.1,0.1,DEMO_ACCOUNT,0.1,C:\Users\Leon\Desktop\QUANT\Data_Center\Data\2_Baseline\Trades\Backtest\DEMO_ACCOUNT\OOS\listOfTrades_EURUSD_59_2.34.129_SELL_M15_OOS.csv,0.1,7.0,70.0,1393.0,0.0,1393.0,7.0,7.0,-4053.0
1530,EURUSD,SELL,2025-03-31 07:06:40+00:00,2025-03-31 13:11:40+00:00,1.08339,1.08095,23.9,23.9,2.34.129,DEMO,OOS,0.0,0.1,0.1,DEMO_ACCOUNT,0.1,C:\Users\Leon\Desktop\QUANT\Data_Center\Data\2_Baseline\Trades\Backtest\DEMO_ACCOUNT\OOS\listOfTrades_EURUSD_59_2.34.129_SELL_M15_OOS.csv,0.1,7.0,70.0,1673.0,0.0,1673.0,7.0,7.0,-2380.0
1532,EURUSD,SELL,2025-04-01 02:30:20+00:00,2025-04-01 13:09:40+00:00,1.08152,1.07935,21.2,21.2,2.34.129,DEMO,OOS,0.0,0.1,0.1,DEMO_ACCOUNT,0.1,C:\Users\Leon\Desktop\QUANT\Data_Center\Data\2_Baseline\Trades\Backtest\DEMO_ACCOUNT\OOS\listOfTrades_EURUSD_59_2.34.129_SELL_M15_OOS.csv,0.1,7.0,70.0,1484.0,0.0,1484.0,7.0,7.0,-896.0
1534,EURUSD,SELL,2025-04-02 02:45:20+00:00,2025-04-02 17:41:40+00:00,1.07962,1.08327,-37.0,-37.0,2.34.129,DEMO,OOS,0.0,0.1,0.1,DEMO_ACCOUNT,0.1,C:\Users\Leon\Desktop\QUANT\Data_Center\Data\2_Baseline\Trades\Backtest\DEMO_ACCOUNT\OOS\listOfTrades_EURUSD_59_2.34.129_SELL_M15_OOS.csv,0.1,7.0,70.0,-2590.0,0.0,-2590.0,7.0,7.0,-3486.0
1536,EURUSD,SELL,2025-04-04 02:32:40+00:00,2025-04-04 11:00:40+00:00,1.10474,1.09989,48.0,48.0,2.34.129,DEMO,OOS,0.0,0.1,0.1,DEMO_ACCOUNT,0.1,C:\Users\Leon\Desktop\QUANT\Data_Center\Data\2_Baseline\Trades\Backtest\DEMO_ACCOUNT\OOS\listOfTrades_EURUSD_59_2.34.129_SELL_M15_OOS.csv,0.1,7.0,70.0,3360.0,0.0,3360.0,7.0,7.0,-126.0
1538,EURUSD,SELL,2025-04-07 03:55:00+00:00,2025-04-07 23:45:00+00:00,1.09658,1.0906,59.3,59.3,2.34.129,DEMO,OOS,0.0,0.1,0.1,DEMO_ACCOUNT,0.1,C:\Users\Leon\Desktop\QUANT\Data_Center\Data\2_Baseline\Trades\Backtest\DEMO_ACCOUNT\OOS\listOfTrades_EURUSD_59_2.34.129_SELL_M15_OOS.csv,0.1,7.0,70.0,4151.0,0.0,4151.0,7.0,7.0,4025.0
1540,EURUSD,SELL,2025-04-08 10:31:40+00:00,2025-04-08 12:12:20+00:00,1.09627,1.09199,42.3,42.3,2.34.129,DEMO,OOS,0.0,0.1,0.1,DEMO_ACCOUNT,0.1,C:\Users\Leon\Desktop\QUANT\Data_Center\Data\2_Baseline\Trades\Backtest\DEMO_ACCOUNT\OOS\listOfTrades_EURUSD_59_2.34.129_SELL_M15_OOS.csv,0.1,7.0,70.0,2961.0,0.0,2961.0,7.0,7.0,6986.0
1542,EURUSD,SELL,2025-04-09 12:45:40+00:00,2025-04-09 20:24:40+00:00,1.10382,1.09762,61.5,61.5,2.34.129,DEMO,OOS,0.0,0.1,0.1,DEMO_ACCOUNT,0.1,C:\Users\Leon\Desktop\QUANT\Data_Center\Data\2_Baseline\Trades\Backtest\DEMO_ACCOUNT\OOS\listOfTrades_EURUSD_59_2.34.129_SELL_M15_OOS.csv,0.1,7.0,70.0,4305.0,0.0,4305.0,7.0,7.0,11291.0
1544,EURUSD,SELL,2025-04-10 03:39:40+00:00,2025-04-10 15:16:40+00:00,1.0977,1.10938,-117.3,-117.3,2.34.129,DEMO,OOS,0.0,0.1,0.1,DEMO_ACCOUNT,0.1,C:\Users\Leon\Desktop\QUANT\Data_Center\Data\2_Baseline\Trades\Backtest\DEMO_ACCOUNT\OOS\listOfTrades_EURUSD_59_2.34.129_SELL_M15_OOS.csv,0.1,7.0,70.0,-8211.0,0.0,-8211.0,7.0,7.0,3080.0
1546,EURUSD,SELL,2025-04-11 15:15:40+00:00,2025-04-11 23:45:00+00:00,1.13603,1.1349,10.8,10.8,2.34.129,DEMO,OOS,0.0,0.1,0.1,DEMO_ACCOUNT,0.1,C:\Users\Leon\Desktop\QUANT\Data_Center\Data\2_Baseline\Trades\Backtest\DEMO_ACCOUNT\OOS\listOfTrades_EURUSD_59_2.34.129_SELL_M15_OOS.csv,0.1,7.0,70.0,756.0,0.0,756.0,7.0,7.0,3836.0
1548,EURUSD,SELL,2025-04-14 11:50:40+00:00,2025-04-14 16:04:40+00:00,1.13853,1.13208,64.0,64.0,2.34.129,DEMO,OOS,0.0,0.1,0.1,DEMO_ACCOUNT,0.1,C:\Users\Leon\Desktop\QUANT\Data_Center\Data\2_Baseline\Trades\Backtest\DEMO_ACCOUNT\OOS\listOfTrades_EURUSD_59_2.34.129_SELL_M15_OOS.csv,0.1,7.0,70.0,4480.0,0.0,4480.0,7.0,7.0,8316.0
1550,EURUSD,SELL,2025-04-15 01:30:40+00:00,2025-04-15 17:06:40+00:00,1.13538,1.13037,49.6,49.6,2.34.129,DEMO,OOS,0.0,0.1,0.1,DEMO_ACCOUNT,0.1,C:\Users\Leon\Desktop\QUANT\Data_Center\Data\2_Baseline\Trades\Backtest\DEMO_ACCOUNT\OOS\listOfTrades_EURUSD_59_2.34.129_SELL_M15_OOS.csv,0.1,7.0,70.0,3472.0,0.0,3472.0,7.0,7.0,11788.0
1552,EURUSD,SELL,2025-04-16 11:47:40+00:00,2025-04-16 23:45:00+00:00,1.13538,1.13932,-39.9,-39.9,2.34.129,DEMO,OOS,0.0,0.1,0.1,DEMO_ACCOUNT,0.1,C:\Users\Leon\Desktop\QUANT\Data_Center\Data\2_Baseline\Trades\Backtest\DEMO_ACCOUNT\OOS\listOfTrades_EURUSD_59_2.34.129_SELL_M15_OOS.csv,0.1,7.0,70.0,-2793.0,0.0,-2793.0,7.0,7.0,8995.0
1554,EURUSD,SELL,2025-04-18 01:00:40+00:00,2025-04-18 23:45:00+00:00,1.13674,1.13955,-28.6,-28.6,2.34.129,DEMO,OOS,0.0,0.1,0.1,DEMO_ACCOUNT,0.1,C:\Users\Leon\Desktop\QUANT\Data_Center\Data\2_Baseline\Trades\Backtest\DEMO_ACCOUNT\OOS\listOfTrades_EURUSD_59_2.34.129_SELL_M15_OOS.csv,0.1,7.0,70.0,-2002.0,0.0,-2002.0,7.0,7.0,6993.0
1556,EURUSD,SELL,2025-04-21 13:32:40+00:00,2025-04-21 18:06:40+00:00,1.15348,1.14893,45.0,45.0,2.34.129,DEMO,OOS,0.0,0.1,0.1,DEMO_ACCOUNT,0.1,C:\Users\Leon\Desktop\QUANT\Data_Center\Data\2_Baseline\Trades\Backtest\DEMO_ACCOUNT\OOS\listOfTrades_EURUSD_59_2.34.129_SELL_M15_OOS.csv,0.1,7.0,70.0,3150.0,0.0,3150.0,7.0,7.0,10143.0
1558,EURUSD,SELL,2025-04-22 05:32:20+00:00,2025-04-22 10:45:20+00:00,1.15145,1.14835,30.5,30.5,2.34.129,DEMO,OOS,0.0,0.1,0.1,DEMO_ACCOUNT,0.1,C:\Users\Leon\Desktop\QUANT\Data_Center\Data\2_Baseline\Trades\Backtest\DEMO_ACCOUNT\OOS\listOfTrades_EURUSD_59_2.34.129_SELL_M15_OOS.csv,0.1,7.0,70.0,2135.0,0.0,2135.0,7.0,7.0,12278.0
1560,EURUSD,SELL,2025-04-23 04:30:40+00:00,2025-04-23 16:59:40+00:00,1.13921,1.13354,56.2,56.2,2.34.129,DEMO,OOS,0.0,0.1,0.1,DEMO_ACCOUNT,0.1,C:\Users\Leon\Desktop\QUANT\Data_Center\Data\2_Baseline\Trades\Backtest\DEMO_ACCOUNT\OOS\listOfTrades_EURUSD_59_2.34.129_SELL_M15_OOS.csv,0.1,7.0,70.0,3934.0,0.0,3934.0,7.0,7.0,16212.0
1562,EURUSD,SELL,2025-04-24 02:01:40+00:00,2025-04-24 23:45:00+00:00,1.13342,1.13966,-62.9,-62.9,2.34.129,DEMO,OOS,0.0,0.1,0.1,DEMO_ACCOUNT,0.1,C:\Users\Leon\Desktop\QUANT\Data_Center\Data\2_Baseline\Trades\Backtest\DEMO_ACCOUNT\OOS\listOfTrades_EURUSD_59_2.34.129_SELL_M15_OOS.csv,0.1,7.0,70.0,-4403.0,0.0,-4403.0,7.0,7.0,11809.0
1564,EURUSD,SELL,2025-04-29 11:20:40+00:00,2025-04-29 23:45:00+00:00,1.13956,1.1389,6.1,6.1,2.34.129,DEMO,OOS,0.0,0.1,0.1,DEMO_ACCOUNT,0.1,C:\Users\Leon\Desktop\QUANT\Data_Center\Data\2_Baseline\Trades\Backtest\DEMO_ACCOUNT\OOS\listOfTrades_EURUSD_59_2.34.129_SELL_M15_OOS.csv,0.1,7.0,70.0,427.0,0.0,427.0,7.0,7.0,12236.0
1566,EURUSD,SELL,2025-04-30 01:48:40+00:00,2025-04-30 04:57:40+00:00,1.13937,1.13614,31.8,31.8,2.34.129,DEMO,OOS,0.0,0.1,0.1,DEMO_ACCOUNT,0.1,C:\Users\Leon\Desktop\QUANT\Data_Center\Data\2_Baseline\Trades\Backtest\DEMO_ACCOUNT\OOS\listOfTrades_EURUSD_59_2.34.129_SELL_M15_OOS.csv,0.1,7.0,70.0,2226.0,0.0,2226.0,7.0,7.0,14462.0
1568,EURUSD,SELL,2025-05-01 15:30:40+00:00,2025-05-01 17:19:40+00:00,1.13211,1.12881,32.5,32.5,2.34.129,DEMO,OOS,0.0,0.1,0.1,DEMO_ACCOUNT,0.1,C:\Users\Leon\Desktop\QUANT\Data_Center\Data\2_Baseline\Trades\Backtest\DEMO_ACCOUNT\OOS\listOfTrades_EURUSD_59_2.34.129_SELL_M15_OOS.csv,0.1,7.0,70.0,2275.0,0.0,2275.0,7.0,7.0,16737.0
1570,EURUSD,SELL,2025-05-02 03:15:20+00:00,2025-05-02 10:53:20+00:00,1.12907,1.13344,-44.2,-44.2,2.34.129,DEMO,OOS,0.0,0.1,0.1,DEMO_ACCOUNT,0.1,C:\Users\Leon\Desktop\QUANT\Data_Center\Data\2_Baseline\Trades\Backtest\DEMO_ACCOUNT\OOS\listOfTrades_EURUSD_59_2.34.129_SELL_M15_OOS.csv,0.1,7.0,70.0,-3094.0,0.0,-3094.0,7.0,7.0,13643.0
1572,EURUSD,SELL,2025-05-05 02:31:40+00:00,2025-05-05 23:45:00+00:00,1.13141,1.13162,-2.6,-2.6,2.34.129,DEMO,OOS,0.0,0.1,0.1,DEMO_ACCOUNT,0.1,C:\Users\Leon\Desktop\QUANT\Data_Center\Data\2_Baseline\Trades\Backtest\DEMO_ACCOUNT\OOS\listOfTrades_EURUSD_59_2.34.129_SELL_M15_OOS.csv,0.1,7.0,70.0,-182.0,0.0,-182.0,7.0,7.0,13461.0
1574,EURUSD,SELL,2025-05-06 01:10:40+00:00,2025-05-06 03:19:40+00:00,1.13192,1.12932,25.5,25.5,2.34.129,DEMO,OOS,0.0,0.1,0.1,DEMO_ACCOUNT,0.1,C:\Users\Leon\Desktop\QUANT\Data_Center\Data\2_Baseline\Trades\Backtest\DEMO_ACCOUNT\OOS\listOfTrades_EURUSD_59_2.34.129_SELL_M15_OOS.csv,0.1,7.0,70.0,1785.0,0.0,1785.0,7.0,7.0,15246.0
1576,EURUSD,SELL,2025-05-08 03:46:40+00:00,2025-05-08 09:24:40+00:00,1.13188,1.12854,32.9,32.9,2.34.129,DEMO,OOS,0.0,0.1,0.1,DEMO_ACCOUNT,0.1,C:\Users\Leon\Desktop\QUANT\Data_Center\Data\2_Baseline\Trades\Backtest\DEMO_ACCOUNT\OOS\listOfTrades_EURUSD_59_2.34.129_SELL_M15_OOS.csv,0.1,7.0,70.0,2303.0,0.0,2303.0,7.0,7.0,17549.0
1578,EURUSD,SELL,2025-05-12 04:00:40+00:00,2025-05-12 10:00:40+00:00,1.12406,1.12073,32.8,32.8,2.34.129,DEMO,OOS,0.0,0.1,0.1,DEMO_ACCOUNT,0.1,C:\Users\Leon\Desktop\QUANT\Data_Center\Data\2_Baseline\Trades\Backtest\DEMO_ACCOUNT\OOS\listOfTrades_EURUSD_59_2.34.129_SELL_M15_OOS.csv,0.1,7.0,70.0,2296.0,0.0,2296.0,7.0,7.0,19845.0
1580,EURUSD,SELL,2025-05-13 02:35:40+00:00,2025-05-13 17:41:40+00:00,1.10951,1.1149,-54.4,-54.4,2.34.129,DEMO,OOS,0.0,0.1,0.1,DEMO_ACCOUNT,0.1,C:\Users\Leon\Desktop\QUANT\Data_Center\Data\2_Baseline\Trades\Backtest\DEMO_ACCOUNT\OOS\listOfTrades_EURUSD_59_2.34.129_SELL_M15_OOS.csv,0.1,7.0,70.0,-3808.0,0.0,-3808.0,7.0,7.0,16037.0
1582,EURUSD,SELL,2025-05-14 03:00:40+00:00,2025-05-14 11:04:40+00:00,1.11858,1.1227,-41.7,-41.7,2.34.129,DEMO,OOS,0.0,0.1,0.1,DEMO_ACCOUNT,0.1,C:\Users\Leon\Desktop\QUANT\Data_Center\Data\2_Baseline\Trades\Backtest\DEMO_ACCOUNT\OOS\listOfTrades_EURUSD_59_2.34.129_SELL_M15_OOS.csv,0.1,7.0,70.0,-2919.0,0.0,-2919.0,7.0,7.0,13118.0
1584,EURUSD,SELL,2025-05-15 02:06:40+00:00,2025-05-15 23:45:00+00:00,1.11854,1.11846,0.3,0.3,2.34.129,DEMO,OOS,0.0,0.1,0.1,DEMO_ACCOUNT,0.1,C:\Users\Leon\Desktop\QUANT\Data_Center\Data\2_Baseline\Trades\Backtest\DEMO_ACCOUNT\OOS\listOfTrades_EURUSD_59_2.34.129_SELL_M15_OOS.csv,0.1,7.0,70.0,21.0,0.0,21.0,7.0,7.0,13139.0
1586,EURUSD,SELL,2025-05-16 07:23:40+00:00,2025-05-16 17:33:40+00:00,1.11995,1.11765,22.5,22.5,2.34.129,DEMO,OOS,0.0,0.1,0.1,DEMO_ACCOUNT,0.1,C:\Users\Leon\Desktop\QUANT\Data_Center\Data\2_Baseline\Trades\Backtest\DEMO_ACCOUNT\OOS\listOfTrades_EURUSD_59_2.34.129_SELL_M15_OOS.csv,0.1,7.0,70.0,1575.0,0.0,1575.0,7.0,7.0,14714.0
1588,EURUSD,SELL,2025-05-19 07:24:40+00:00,2025-05-19 10:28:40+00:00,1.11838,1.12288,-45.5,-45.5,2.34.129,DEMO,OOS,0.0,0.1,0.1,DEMO_ACCOUNT,0.1,C:\Users\Leon\Desktop\QUANT\Data_Center\Data\2_Baseline\Trades\Backtest\DEMO_ACCOUNT\OOS\listOfTrades_EURUSD_59_2.34.129_SELL_M15_OOS.csv,0.1,7.0,70.0,-3185.0,0.0,-3185.0,7.0,7.0,11529.0
1590,EURUSD,SELL,2025-05-20 04:15:40+00:00,2025-05-20 21:13:40+00:00,1.12404,1.12791,-39.2,-39.2,2.34.129,DEMO,OOS,0.0,0.1,0.1,DEMO_ACCOUNT,0.1,C:\Users\Leon\Desktop\QUANT\Data_Center\Data\2_Baseline\Trades\Backtest\DEMO_ACCOUNT\OOS\listOfTrades_EURUSD_59_2.34.129_SELL_M15_OOS.csv,0.1,7.0,70.0,-2744.0,0.0,-2744.0,7.0,7.0,8785.0
1592,EURUSD,SELL,2025-05-21 10:15:20+00:00,2025-05-21 23:45:00+00:00,1.132,1.1331,-11.5,-11.5,2.34.129,DEMO,OOS,0.0,0.1,0.1,DEMO_ACCOUNT,0.1,C:\Users\Leon\Desktop\QUANT\Data_Center\Data\2_Baseline\Trades\Backtest\DEMO_ACCOUNT\OOS\listOfTrades_EURUSD_59_2.34.129_SELL_M15_OOS.csv,0.1,7.0,70.0,-805.0,0.0,-805.0,7.0,7.0,7980.0
1594,EURUSD,SELL,2025-05-22 04:21:40+00:00,2025-05-22 10:30:40+00:00,1.13319,1.1303,28.4,28.4,2.34.129,DEMO,OOS,0.0,0.1,0.1,DEMO_ACCOUNT,0.1,C:\Users\Leon\Desktop\QUANT\Data_Center\Data\2_Baseline\Trades\Backtest\DEMO_ACCOUNT\OOS\listOfTrades_EURUSD_59_2.34.129_SELL_M15_OOS.csv,0.1,7.0,70.0,1988.0,0.0,1988.0,7.0,7.0,9968.0
1596,EURUSD,SELL,2025-05-23 03:00:20+00:00,2025-05-23 07:38:40+00:00,1.12825,1.13206,-38.6,-38.6,2.34.129,DEMO,OOS,0.0,0.1,0.1,DEMO_ACCOUNT,0.1,C:\Users\Leon\Desktop\QUANT\Data_Center\Data\2_Baseline\Trades\Backtest\DEMO_ACCOUNT\OOS\listOfTrades_EURUSD_59_2.34.129_SELL_M15_OOS.csv,0.1,7.0,70.0,-2702.0,0.0,-2702.0,7.0,7.0,7266.0
1598,EURUSD,SELL,2025-05-27 06:03:40+00:00,2025-05-27 08:08:40+00:00,1.13932,1.1374,18.7,18.7,2.34.129,DEMO,OOS,0.0,0.1,0.1,DEMO_ACCOUNT,0.1,C:\Users\Leon\Desktop\QUANT\Data_Center\Data\2_Baseline\Trades\Backtest\DEMO_ACCOUNT\OOS\listOfTrades_EURUSD_59_2.34.129_SELL_M15_OOS.csv,0.1,7.0,70.0,1309.0,0.0,1309.0,7.0,7.0,8575.0
1600,EURUSD,SELL,2025-05-28 02:30:40+00:00,2025-05-28 05:39:40+00:00,1.13355,1.13149,20.1,20.1,2.34.129,DEMO,OOS,0.0,0.1,0.1,DEMO_ACCOUNT,0.1,C:\Users\Leon\Desktop\QUANT\Data_Center\Data\2_Baseline\Trades\Backtest\DEMO_ACCOUNT\OOS\listOfTrades_EURUSD_59_2.34.129_SELL_M15_OOS.csv,0.1,7.0,70.0,1407.0,0.0,1407.0,7.0,7.0,9982.0
1602,EURUSD,SELL,2025-05-30 02:06:40+00:00,2025-05-30 08:01:40+00:00,1.13724,1.13447,27.2,27.2,2.34.129,DEMO,OOS,0.0,0.1,0.1,DEMO_ACCOUNT,0.1,C:\Users\Leon\Desktop\QUANT\Data_Center\Data\2_Baseline\Trades\Backtest\DEMO_ACCOUNT\OOS\listOfTrades_EURUSD_59_2.34.129_SELL_M15_OOS.csv,0.1,7.0,70.0,1904.0,0.0,1904.0,7.0,7.0,11886.0
1604,EURUSD,SELL,2025-06-02 03:00:40+00:00,2025-06-02 09:35:40+00:00,1.13548,1.13986,-44.3,-44.3,2.34.129,DEMO,OOS,0.0,0.1,0.1,DEMO_ACCOUNT,0.1,C:\Users\Leon\Desktop\QUANT\Data_Center\Data\2_Baseline\Trades\Backtest\DEMO_ACCOUNT\OOS\listOfTrades_EURUSD_59_2.34.129_SELL_M15_OOS.csv,0.1,7.0,70.0,-3101.0,0.0,-3101.0,7.0,7.0,8785.0
1606,EURUSD,SELL,2025-06-03 03:45:20+00:00,2025-06-03 05:40:40+00:00,1.14429,1.14201,22.3,22.3,2.34.129,DEMO,OOS,0.0,0.1,0.1,DEMO_ACCOUNT,0.1,C:\Users\Leon\Desktop\QUANT\Data_Center\Data\2_Baseline\Trades\Backtest\DEMO_ACCOUNT\OOS\listOfTrades_EURUSD_59_2.34.129_SELL_M15_OOS.csv,0.1,7.0,70.0,1561.0,0.0,1561.0,7.0,7.0,10346.0
1608,EURUSD,SELL,2025-06-04 02:34:40+00:00,2025-06-04 17:00:40+00:00,1.1378,1.14145,-37.0,-37.0,2.34.129,DEMO,OOS,0.0,0.1,0.1,DEMO_ACCOUNT,0.1,C:\Users\Leon\Desktop\QUANT\Data_Center\Data\2_Baseline\Trades\Backtest\DEMO_ACCOUNT\OOS\listOfTrades_EURUSD_59_2.34.129_SELL_M15_OOS.csv,0.1,7.0,70.0,-2590.0,0.0,-2590.0,7.0,7.0,7756.0
1610,EURUSD,SELL,2025-06-05 02:15:40+00:00,2025-06-05 16:12:40+00:00,1.14221,1.1457,-35.4,-35.4,2.34.129,DEMO,OOS,0.0,0.1,0.1,DEMO_ACCOUNT,0.1,C:\Users\Leon\Desktop\QUANT\Data_Center\Data\2_Baseline\Trades\Backtest\DEMO_ACCOUNT\OOS\listOfTrades_EURUSD_59_2.34.129_SELL_M15_OOS.csv,0.1,7.0,70.0,-2478.0,0.0,-2478.0,7.0,7.0,5278.0
1612,EURUSD,SELL,2025-06-06 01:01:40+00:00,2025-06-06 11:47:40+00:00,1.14462,1.14154,30.3,30.3,2.34.129,DEMO,OOS,0.0,0.1,0.1,DEMO_ACCOUNT,0.1,C:\Users\Leon\Desktop\QUANT\Data_Center\Data\2_Baseline\Trades\Backtest\DEMO_ACCOUNT\OOS\listOfTrades_EURUSD_59_2.34.129_SELL_M15_OOS.csv,0.1,7.0,70.0,2121.0,0.0,2121.0,7.0,7.0,7399.0
1614,EURUSD,SELL,2025-06-09 03:34:40+00:00,2025-06-09 12:11:40+00:00,1.13996,1.14369,-37.8,-37.8,2.34.129,DEMO,OOS,0.0,0.1,0.1,DEMO_ACCOUNT,0.1,C:\Users\Leon\Desktop\QUANT\Data_Center\Data\2_Baseline\Trades\Backtest\DEMO_ACCOUNT\OOS\listOfTrades_EURUSD_59_2.34.129_SELL_M15_OOS.csv,0.1,7.0,70.0,-2646.0,0.0,-2646.0,7.0,7.0,4753.0
1616,EURUSD,SELL,2025-06-10 03:45:40+00:00,2025-06-10 04:37:40+00:00,1.14237,1.1406,17.2,17.2,2.34.129,DEMO,OOS,0.0,0.1,0.1,DEMO_ACCOUNT,0.1,C:\Users\Leon\Desktop\QUANT\Data_Center\Data\2_Baseline\Trades\Backtest\DEMO_ACCOUNT\OOS\listOfTrades_EURUSD_59_2.34.129_SELL_M15_OOS.csv,0.1,7.0,70.0,1204.0,0.0,1204.0,7.0,7.0,5957.0
1618,EURUSD,SELL,2025-06-12 10:52:40+00:00,2025-06-12 12:14:40+00:00,1.15181,1.1559,-41.4,-41.4,2.34.129,DEMO,OOS,0.0,0.1,0.1,DEMO_ACCOUNT,0.1,C:\Users\Leon\Desktop\QUANT\Data_Center\Data\2_Baseline\Trades\Backtest\DEMO_ACCOUNT\OOS\listOfTrades_EURUSD_59_2.34.129_SELL_M15_OOS.csv,0.1,7.0,70.0,-2898.0,0.0,-2898.0,7.0,7.0,3059.0
1620,EURUSD,SELL,2025-06-13 03:18:40+00:00,2025-06-13 03:36:40+00:00,1.15846,1.15524,31.7,31.7,2.34.129,DEMO,OOS,0.0,0.1,0.1,DEMO_ACCOUNT,0.1,C:\Users\Leon\Desktop\QUANT\Data_Center\Data\2_Baseline\Trades\Backtest\DEMO_ACCOUNT\OOS\listOfTrades_EURUSD_59_2.34.129_SELL_M15_OOS.csv,0.1,7.0,70.0,2219.0,0.0,2219.0,7.0,7.0,5278.0
1622,EURUSD,SELL,2025-06-16 03:35:40+00:00,2025-06-16 16:07:40+00:00,1.15434,1.15981,-55.2,-55.2,2.34.129,DEMO,OOS,0.0,0.1,0.1,DEMO_ACCOUNT,0.1,C:\Users\Leon\Desktop\QUANT\Data_Center\Data\2_Baseline\Trades\Backtest\DEMO_ACCOUNT\OOS\listOfTrades_EURUSD_59_2.34.129_SELL_M15_OOS.csv,0.1,7.0,70.0,-3864.0,0.0,-3864.0,7.0,7.0,1414.0
1624,EURUSD,SELL,2025-06-17 09:13:40+00:00,2025-06-17 17:25:40+00:00,1.15605,1.15384,21.6,21.6,2.34.129,DEMO,OOS,0.0,0.1,0.1,DEMO_ACCOUNT,0.1,C:\Users\Leon\Desktop\QUANT\Data_Center\Data\2_Baseline\Trades\Backtest\DEMO_ACCOUNT\OOS\listOfTrades_EURUSD_59_2.34.129_SELL_M15_OOS.csv,0.1,7.0,70.0,1512.0,0.0,1512.0,7.0,7.0,2926.0
1626,EURUSD,SELL,2025-06-18 03:30:40+00:00,2025-06-18 23:45:00+00:00,1.14884,1.14824,5.5,5.5,2.34.129,DEMO,OOS,0.0,0.1,0.1,DEMO_ACCOUNT,0.1,C:\Users\Leon\Desktop\QUANT\Data_Center\Data\2_Baseline\Trades\Backtest\DEMO_ACCOUNT\OOS\listOfTrades_EURUSD_59_2.34.129_SELL_M15_OOS.csv,0.1,7.0,70.0,385.0,0.0,385.0,7.0,7.0,3311.0
1628,EURUSD,SELL,2025-06-20 11:49:20+00:00,2025-06-20 17:45:40+00:00,1.15208,1.14984,21.9,21.9,2.34.129,DEMO,OOS,0.0,0.1,0.1,DEMO_ACCOUNT,0.1,C:\Users\Leon\Desktop\QUANT\Data_Center\Data\2_Baseline\Trades\Backtest\DEMO_ACCOUNT\OOS\listOfTrades_EURUSD_59_2.34.129_SELL_M15_OOS.csv,0.1,7.0,70.0,1533.0,0.0,1533.0,7.0,7.0,4844.0
1630,EURUSD,SELL,2025-06-23 06:00:40+00:00,2025-06-23 12:09:40+00:00,1.14998,1.14663,33.0,33.0,2.34.129,DEMO,OOS,0.0,0.1,0.1,DEMO_ACCOUNT,0.1,C:\Users\Leon\Desktop\QUANT\Data_Center\Data\2_Baseline\Trades\Backtest\DEMO_ACCOUNT\OOS\listOfTrades_EURUSD_59_2.34.129_SELL_M15_OOS.csv,0.1,7.0,70.0,2310.0,0.0,2310.0,7.0,7.0,7154.0
1632,EURUSD,SELL,2025-06-24 12:19:40+00:00,2025-06-24 23:45:00+00:00,1.16044,1.16106,-6.7,-6.7,2.34.129,DEMO,OOS,0.0,0.1,0.1,DEMO_ACCOUNT,0.1,C:\Users\Leon\Desktop\QUANT\Data_Center\Data\2_Baseline\Trades\Backtest\DEMO_ACCOUNT\OOS\listOfTrades_EURUSD_59_2.34.129_SELL_M15_OOS.csv,0.1,7.0,70.0,-469.0,0.0,-469.0,7.0,7.0,6685.0
1634,EURUSD,SELL,2025-06-25 06:16:40+00:00,2025-06-25 10:52:40+00:00,1.16203,1.15968,23.0,23.0,2.34.129,DEMO,OOS,0.0,0.1,0.1,DEMO_ACCOUNT,0.1,C:\Users\Leon\Desktop\QUANT\Data_Center\Data\2_Baseline\Trades\Backtest\DEMO_ACCOUNT\OOS\listOfTrades_EURUSD_59_2.34.129_SELL_M15_OOS.csv,0.1,7.0,70.0,1610.0,0.0,1610.0,7.0,7.0,8295.0
1636,EURUSD,SELL,2025-06-26 17:30:40+00:00,2025-06-26 23:45:00+00:00,1.17143,1.17012,12.6,12.6,2.34.129,DEMO,OOS,0.0,0.1,0.1,DEMO_ACCOUNT,0.1,C:\Users\Leon\Desktop\QUANT\Data_Center\Data\2_Baseline\Trades\Backtest\DEMO_ACCOUNT\OOS\listOfTrades_EURUSD_59_2.34.129_SELL_M15_OOS.csv,0.1,7.0,70.0,882.0,0.0,882.0,7.0,7.0,9177.0
1638,EURUSD,SELL,2025-06-27 05:58:40+00:00,2025-06-27 15:58:40+00:00,1.17004,1.17467,-46.8,-46.8,2.34.129,DEMO,OOS,0.0,0.1,0.1,DEMO_ACCOUNT,0.1,C:\Users\Leon\Desktop\QUANT\Data_Center\Data\2_Baseline\Trades\Backtest\DEMO_ACCOUNT\OOS\listOfTrades_EURUSD_59_2.34.129_SELL_M15_OOS.csv,0.1,7.0,70.0,-3276.0,0.0,-3276.0,7.0,7.0,5901.0
1640,EURUSD,SELL,2025-06-30 05:01:40+00:00,2025-06-30 18:56:40+00:00,1.17238,1.17689,-45.6,-45.6,2.34.129,DEMO,OOS,0.0,0.1,0.1,DEMO_ACCOUNT,0.1,C:\Users\Leon\Desktop\QUANT\Data_Center\Data\2_Baseline\Trades\Backtest\DEMO_ACCOUNT\OOS\listOfTrades_EURUSD_59_2.34.129_SELL_M15_OOS.csv,0.1,7.0,70.0,-3192.0,0.0,-3192.0,7.0,7.0,2709.0
1642,EURUSD,SELL,2025-07-01 05:53:40+00:00,2025-07-01 12:34:40+00:00,1.17875,1.18296,-42.6,-42.6,2.34.129,DEMO,OOS,0.0,0.1,0.1,DEMO_ACCOUNT,0.1,C:\Users\Leon\Desktop\QUANT\Data_Center\Data\2_Baseline\Trades\Backtest\DEMO_ACCOUNT\OOS\listOfTrades_EURUSD_59_2.34.129_SELL_M15_OOS.csv,0.1,7.0,70.0,-2982.0,0.0,-2982.0,7.0,7.0,-273.0
1644,EURUSD,SELL,2025-07-02 05:50:40+00:00,2025-07-02 09:47:40+00:00,1.18002,1.17771,22.6,22.6,2.34.129,DEMO,OOS,0.0,0.1,0.1,DEMO_ACCOUNT,0.1,C:\Users\Leon\Desktop\QUANT\Data_Center\Data\2_Baseline\Trades\Backtest\DEMO_ACCOUNT\OOS\listOfTrades_EURUSD_59_2.34.129_SELL_M15_OOS.csv,0.1,7.0,70.0,1582.0,0.0,1582.0,7.0,7.0,1309.0
1646,EURUSD,SELL,2025-07-04 01:15:40+00:00,2025-07-04 23:45:00+00:00,1.17561,1.17844,-28.8,-28.8,2.34.129,DEMO,OOS,0.0,0.1,0.1,DEMO_ACCOUNT,0.1,C:\Users\Leon\Desktop\QUANT\Data_Center\Data\2_Baseline\Trades\Backtest\DEMO_ACCOUNT\OOS\listOfTrades_EURUSD_59_2.34.129_SELL_M15_OOS.csv,0.1,7.0,70.0,-2016.0,0.0,-2016.0,7.0,7.0,-707.0
1648,EURUSD,SELL,2025-07-07 01:00:20+00:00,2025-07-07 09:30:40+00:00,1.1778,1.1761,16.5,16.5,2.34.129,DEMO,OOS,0.0,0.1,0.1,DEMO_ACCOUNT,0.1,C:\Users\Leon\Desktop\QUANT\Data_Center\Data\2_Baseline\Trades\Backtest\DEMO_ACCOUNT\OOS\listOfTrades_EURUSD_59_2.34.129_SELL_M15_OOS.csv,0.1,7.0,70.0,1155.0,0.0,1155.0,7.0,7.0,448.0
1650,EURUSD,SELL,2025-07-08 08:15:40+00:00,2025-07-08 15:11:40+00:00,1.17387,1.17145,23.7,23.7,2.34.129,DEMO,OOS,0.0,0.1,0.1,DEMO_ACCOUNT,0.1,C:\Users\Leon\Desktop\QUANT\Data_Center\Data\2_Baseline\Trades\Backtest\DEMO_ACCOUNT\OOS\listOfTrades_EURUSD_59_2.34.129_SELL_M15_OOS.csv,0.1,7.0,70.0,1659.0,0.0,1659.0,7.0,7.0,2107.0
1652,EURUSD,SELL,2025-07-09 03:00:40+00:00,2025-07-09 07:02:40+00:00,1.17231,1.17017,20.9,20.9,2.34.129,DEMO,OOS,0.0,0.1,0.1,DEMO_ACCOUNT,0.1,C:\Users\Leon\Desktop\QUANT\Data_Center\Data\2_Baseline\Trades\Backtest\DEMO_ACCOUNT\OOS\listOfTrades_EURUSD_59_2.34.129_SELL_M15_OOS.csv,0.1,7.0,70.0,1463.0,0.0,1463.0,7.0,7.0,3570.0
1654,EURUSD,SELL,2025-07-10 10:09:40+00:00,2025-07-10 14:29:40+00:00,1.17373,1.17193,17.5,17.5,2.34.129,DEMO,OOS,0.0,0.1,0.1,DEMO_ACCOUNT,0.1,C:\Users\Leon\Desktop\QUANT\Data_Center\Data\2_Baseline\Trades\Backtest\DEMO_ACCOUNT\OOS\listOfTrades_EURUSD_59_2.34.129_SELL_M15_OOS.csv,0.1,7.0,70.0,1225.0,0.0,1225.0,7.0,7.0,4795.0
1656,EURUSD,SELL,2025-07-14 05:02:40+00:00,2025-07-14 09:19:40+00:00,1.1686,1.16595,26.0,26.0,2.34.129,DEMO,OOS,0.0,0.1,0.1,DEMO_ACCOUNT,0.1,C:\Users\Leon\Desktop\QUANT\Data_Center\Data\2_Baseline\Trades\Backtest\DEMO_ACCOUNT\OOS\listOfTrades_EURUSD_59_2.34.129_SELL_M15_OOS.csv,0.1,7.0,70.0,1820.0,0.0,1820.0,7.0,7.0,6615.0
1658,EURUSD,SELL,2025-07-15 10:18:40+00:00,2025-07-15 16:33:40+00:00,1.16764,1.16596,16.3,16.3,2.34.129,DEMO,OOS,0.0,0.1,0.1,DEMO_ACCOUNT,0.1,C:\Users\Leon\Desktop\QUANT\Data_Center\Data\2_Baseline\Trades\Backtest\DEMO_ACCOUNT\OOS\listOfTrades_EURUSD_59_2.34.129_SELL_M15_OOS.csv,0.1,7.0,70.0,1141.0,0.0,1141.0,7.0,7.0,7756.0
1660,EURUSD,SELL,2025-07-16 02:20:40+00:00,2025-07-16 16:21:40+00:00,1.16063,1.15865,19.3,19.3,2.34.129,DEMO,OOS,0.0,0.1,0.1,DEMO_ACCOUNT,0.1,C:\Users\Leon\Desktop\QUANT\Data_Center\Data\2_Baseline\Trades\Backtest\DEMO_ACCOUNT\OOS\listOfTrades_EURUSD_59_2.34.129_SELL_M15_OOS.csv,0.1,7.0,70.0,1351.0,0.0,1351.0,7.0,7.0,9107.0
1662,EURUSD,SELL,2025-07-17 01:00:40+00:00,2025-07-17 09:20:40+00:00,1.16363,1.15952,40.6,40.6,2.34.129,DEMO,OOS,0.0,0.1,0.1,DEMO_ACCOUNT,0.1,C:\Users\Leon\Desktop\QUANT\Data_Center\Data\2_Baseline\Trades\Backtest\DEMO_ACCOUNT\OOS\listOfTrades_EURUSD_59_2.34.129_SELL_M15_OOS.csv,0.1,7.0,70.0,2842.0,0.0,2842.0,7.0,7.0,11949.0
1664,EURUSD,SELL,2025-07-21 03:12:40+00:00,2025-07-21 14:49:40+00:00,1.16328,1.16678,-35.5,-35.5,2.34.129,DEMO,OOS,0.0,0.1,0.1,DEMO_ACCOUNT,0.1,C:\Users\Leon\Desktop\QUANT\Data_Center\Data\2_Baseline\Trades\Backtest\DEMO_ACCOUNT\OOS\listOfTrades_EURUSD_59_2.34.129_SELL_M15_OOS.csv,0.1,7.0,70.0,-2485.0,0.0,-2485.0,7.0,7.0,9464.0
1666,EURUSD,SELL,2025-07-22 01:40:40+00:00,2025-07-22 18:12:40+00:00,1.16945,1.17277,-33.7,-33.7,2.34.129,DEMO,OOS,0.0,0.1,0.1,DEMO_ACCOUNT,0.1,C:\Users\Leon\Desktop\QUANT\Data_Center\Data\2_Baseline\Trades\Backtest\DEMO_ACCOUNT\OOS\listOfTrades_EURUSD_59_2.34.129_SELL_M15_OOS.csv,0.1,7.0,70.0,-2359.0,0.0,-2359.0,7.0,7.0,7105.0
1668,EURUSD,SELL,2025-07-23 04:00:20+00:00,2025-07-23 13:54:40+00:00,1.1748,1.17268,20.7,20.7,2.34.129,DEMO,OOS,0.0,0.1,0.1,DEMO_ACCOUNT,0.1,C:\Users\Leon\Desktop\QUANT\Data_Center\Data\2_Baseline\Trades\Backtest\DEMO_ACCOUNT\OOS\listOfTrades_EURUSD_59_2.34.129_SELL_M15_OOS.csv,0.1,7.0,70.0,1449.0,0.0,1449.0,7.0,7.0,8554.0
1670,EURUSD,SELL,2025-07-24 03:17:40+00:00,2025-07-24 12:51:40+00:00,1.17694,1.1747,21.9,21.9,2.34.129,DEMO,OOS,0.0,0.1,0.1,DEMO_ACCOUNT,0.1,C:\Users\Leon\Desktop\QUANT\Data_Center\Data\2_Baseline\Trades\Backtest\DEMO_ACCOUNT\OOS\listOfTrades_EURUSD_59_2.34.129_SELL_M15_OOS.csv,0.1,7.0,70.0,1533.0,0.0,1533.0,7.0,7.0,10087.0
1672,EURUSD,SELL,2025-07-25 03:45:40+00:00,2025-07-25 05:46:40+00:00,1.17581,1.1735,22.6,22.6,2.34.129,DEMO,OOS,0.0,0.1,0.1,DEMO_ACCOUNT,0.1,C:\Users\Leon\Desktop\QUANT\Data_Center\Data\2_Baseline\Trades\Backtest\DEMO_ACCOUNT\OOS\listOfTrades_EURUSD_59_2.34.129_SELL_M15_OOS.csv,0.1,7.0,70.0,1582.0,0.0,1582.0,7.0,7.0,11669.0
1674,EURUSD,SELL,2025-07-28 05:52:40+00:00,2025-07-28 09:20:40+00:00,1.17556,1.17296,25.5,25.5,2.34.129,DEMO,OOS,0.0,0.1,0.1,DEMO_ACCOUNT,0.1,C:\Users\Leon\Desktop\QUANT\Data_Center\Data\2_Baseline\Trades\Backtest\DEMO_ACCOUNT\OOS\listOfTrades_EURUSD_59_2.34.129_SELL_M15_OOS.csv,0.1,7.0,70.0,1785.0,0.0,1785.0,7.0,7.0,13454.0
1676,EURUSD,SELL,2025-07-30 02:45:40+00:00,2025-07-30 14:35:40+00:00,1.15468,1.15256,20.7,20.7,2.34.129,DEMO,OOS,0.0,0.1,0.1,DEMO_ACCOUNT,0.1,C:\Users\Leon\Desktop\QUANT\Data_Center\Data\2_Baseline\Trades\Backtest\DEMO_ACCOUNT\OOS\listOfTrades_EURUSD_59_2.34.129_SELL_M15_OOS.csv,0.1,7.0,70.0,1449.0,0.0,1449.0,7.0,7.0,14903.0
1678,EURUSD,SELL,2025-07-31 03:25:40+00:00,2025-07-31 23:45:00+00:00,1.14371,1.14117,24.9,24.9,2.34.129,DEMO,OOS,0.0,0.1,0.1,DEMO_ACCOUNT,0.1,C:\Users\Leon\Desktop\QUANT\Data_Center\Data\2_Baseline\Trades\Backtest\DEMO_ACCOUNT\OOS\listOfTrades_EURUSD_59_2.34.129_SELL_M15_OOS.csv,0.1,7.0,70.0,1743.0,0.0,1743.0,7.0,7.0,16646.0
1680,EURUSD,SELL,2025-08-01 03:12:40+00:00,2025-08-01 12:46:40+00:00,1.14223,1.13965,25.3,25.3,2.34.129,DEMO,OOS,0.0,0.1,0.1,DEMO_ACCOUNT,0.1,C:\Users\Leon\Desktop\QUANT\Data_Center\Data\2_Baseline\Trades\Backtest\DEMO_ACCOUNT\OOS\listOfTrades_EURUSD_59_2.34.129_SELL_M15_OOS.csv,0.1,7.0,70.0,1771.0,0.0,1771.0,7.0,7.0,18417.0
1682,EURUSD,SELL,2025-08-04 03:15:20+00:00,2025-08-04 23:45:00+00:00,1.15737,1.15726,0.6,0.6,2.34.129,DEMO,OOS,0.0,0.1,0.1,DEMO_ACCOUNT,0.1,C:\Users\Leon\Desktop\QUANT\Data_Center\Data\2_Baseline\Trades\Backtest\DEMO_ACCOUNT\OOS\listOfTrades_EURUSD_59_2.34.129_SELL_M15_OOS.csv,0.1,7.0,70.0,42.0,0.0,42.0,7.0,7.0,18459.0
1684,EURUSD,SELL,2025-08-06 01:00:40+00:00,2025-08-06 13:20:40+00:00,1.15742,1.16104,-36.7,-36.7,2.34.129,DEMO,OOS,0.0,0.1,0.1,DEMO_ACCOUNT,0.1,C:\Users\Leon\Desktop\QUANT\Data_Center\Data\2_Baseline\Trades\Backtest\DEMO_ACCOUNT\OOS\listOfTrades_EURUSD_59_2.34.129_SELL_M15_OOS.csv,0.1,7.0,70.0,-2569.0,0.0,-2569.0,7.0,7.0,15890.0
1686,EURUSD,SELL,2025-08-07 04:16:40+00:00,2025-08-07 11:04:40+00:00,1.16578,1.16952,-37.9,-37.9,2.34.129,DEMO,OOS,0.0,0.1,0.1,DEMO_ACCOUNT,0.1,C:\Users\Leon\Desktop\QUANT\Data_Center\Data\2_Baseline\Trades\Backtest\DEMO_ACCOUNT\OOS\listOfTrades_EURUSD_59_2.34.129_SELL_M15_OOS.csv,0.1,7.0,70.0,-2653.0,0.0,-2653.0,7.0,7.0,13237.0
1688,EURUSD,SELL,2025-08-08 05:39:20+00:00,2025-08-08 11:50:20+00:00,1.16633,1.16359,26.9,26.9,2.34.129,DEMO,OOS,0.0,0.1,0.1,DEMO_ACCOUNT,0.1,C:\Users\Leon\Desktop\QUANT\Data_Center\Data\2_Baseline\Trades\Backtest\DEMO_ACCOUNT\OOS\listOfTrades_EURUSD_59_2.34.129_SELL_M15_OOS.csv,0.1,7.0,70.0,1883.0,0.0,1883.0,7.0,7.0,15120.0
1690,EURUSD,SELL,2025-08-11 04:33:40+00:00,2025-08-11 14:38:40+00:00,1.16526,1.16311,21.0,21.0,2.34.129,DEMO,OOS,0.0,0.1,0.1,DEMO_ACCOUNT,0.1,C:\Users\Leon\Desktop\QUANT\Data_Center\Data\2_Baseline\Trades\Backtest\DEMO_ACCOUNT\OOS\listOfTrades_EURUSD_59_2.34.129_SELL_M15_OOS.csv,0.1,7.0,70.0,1470.0,0.0,1470.0,7.0,7.0,16590.0
1692,EURUSD,SELL,2025-08-12 01:54:40+00:00,2025-08-12 15:30:40+00:00,1.16114,1.16432,-32.3,-32.3,2.34.129,DEMO,OOS,0.0,0.1,0.1,DEMO_ACCOUNT,0.1,C:\Users\Leon\Desktop\QUANT\Data_Center\Data\2_Baseline\Trades\Backtest\DEMO_ACCOUNT\OOS\listOfTrades_EURUSD_59_2.34.129_SELL_M15_OOS.csv,0.1,7.0,70.0,-2261.0,0.0,-2261.0,7.0,7.0,14329.0
1694,EURUSD,SELL,2025-08-13 03:45:40+00:00,2025-08-13 11:17:40+00:00,1.16762,1.17155,-39.8,-39.8,2.34.129,DEMO,OOS,0.0,0.1,0.1,DEMO_ACCOUNT,0.1,C:\Users\Leon\Desktop\QUANT\Data_Center\Data\2_Baseline\Trades\Backtest\DEMO_ACCOUNT\OOS\listOfTrades_EURUSD_59_2.34.129_SELL_M15_OOS.csv,0.1,7.0,70.0,-2786.0,0.0,-2786.0,7.0,7.0,11543.0
1696,EURUSD,SELL,2025-08-14 01:36:40+00:00,2025-08-14 09:59:40+00:00,1.17071,1.16866,20.0,20.0,2.34.129,DEMO,OOS,0.0,0.1,0.1,DEMO_ACCOUNT,0.1,C:\Users\Leon\Desktop\QUANT\Data_Center\Data\2_Baseline\Trades\Backtest\DEMO_ACCOUNT\OOS\listOfTrades_EURUSD_59_2.34.129_SELL_M15_OOS.csv,0.1,7.0,70.0,1400.0,0.0,1400.0,7.0,7.0,12943.0
1698,EURUSD,SELL,2025-08-18 03:20:40+00:00,2025-08-18 10:51:40+00:00,1.17086,1.16899,18.2,18.2,2.34.129,DEMO,OOS,0.0,0.1,0.1,DEMO_ACCOUNT,0.1,C:\Users\Leon\Desktop\QUANT\Data_Center\Data\2_Baseline\Trades\Backtest\DEMO_ACCOUNT\OOS\listOfTrades_EURUSD_59_2.34.129_SELL_M15_OOS.csv,0.1,7.0,70.0,1274.0,0.0,1274.0,7.0,7.0,14217.0
1700,EURUSD,SELL,2025-08-19 02:46:40+00:00,2025-08-19 04:29:40+00:00,1.16661,1.16477,17.9,17.9,2.34.129,DEMO,OOS,0.0,0.1,0.1,DEMO_ACCOUNT,0.1,C:\Users\Leon\Desktop\QUANT\Data_Center\Data\2_Baseline\Trades\Backtest\DEMO_ACCOUNT\OOS\listOfTrades_EURUSD_59_2.34.129_SELL_M15_OOS.csv,0.1,7.0,70.0,1253.0,0.0,1253.0,7.0,7.0,15470.0
1702,EURUSD,SELL,2025-08-22 01:45:20+00:00,2025-08-22 06:38:40+00:00,1.16124,1.15919,20.0,20.0,2.34.129,DEMO,OOS,0.0,0.1,0.1,DEMO_ACCOUNT,0.1,C:\Users\Leon\Desktop\QUANT\Data_Center\Data\2_Baseline\Trades\Backtest\DEMO_ACCOUNT\OOS\listOfTrades_EURUSD_59_2.34.129_SELL_M15_OOS.csv,0.1,7.0,70.0,1400.0,0.0,1400.0,7.0,7.0,16870.0
1704,EURUSD,SELL,2025-08-25 09:01:40+00:00,2025-08-25 13:24:40+00:00,1.17079,1.16885,18.9,18.9,2.34.129,DEMO,OOS,0.0,0.1,0.1,DEMO_ACCOUNT,0.1,C:\Users\Leon\Desktop\QUANT\Data_Center\Data\2_Baseline\Trades\Backtest\DEMO_ACCOUNT\OOS\listOfTrades_EURUSD_59_2.34.129_SELL_M15_OOS.csv,0.1,7.0,70.0,1323.0,0.0,1323.0,7.0,7.0,18193.0
1706,EURUSD,SELL,2025-08-29 09:25:20+00:00,2025-08-29 15:32:40+00:00,1.16689,1.16511,17.3,17.3,2.34.129,DEMO,OOS,0.0,0.1,0.1,DEMO_ACCOUNT,0.1,C:\Users\Leon\Desktop\QUANT\Data_Center\Data\2_Baseline\Trades\Backtest\DEMO_ACCOUNT\OOS\listOfTrades_EURUSD_59_2.34.129_SELL_M15_OOS.csv,0.1,7.0,70.0,1211.0,0.0,1211.0,7.0,7.0,19404.0
1708,EURUSD,SELL,2025-09-01 04:48:40+00:00,2025-09-01 09:05:40+00:00,1.16937,1.17234,-30.2,-30.2,2.34.129,DEMO,OOS,0.0,0.1,0.1,DEMO_ACCOUNT,0.1,C:\Users\Leon\Desktop\QUANT\Data_Center\Data\2_Baseline\Trades\Backtest\DEMO_ACCOUNT\OOS\listOfTrades_EURUSD_59_2.34.129_SELL_M15_OOS.csv,0.1,7.0,70.0,-2114.0,0.0,-2114.0,7.0,7.0,17290.0
1710,EURUSD,SELL,2025-09-04 04:34:40+00:00,2025-09-04 10:22:40+00:00,1.16646,1.16443,19.8,19.8,2.34.129,DEMO,OOS,0.0,0.1,0.1,DEMO_ACCOUNT,0.1,C:\Users\Leon\Desktop\QUANT\Data_Center\Data\2_Baseline\Trades\Backtest\DEMO_ACCOUNT\OOS\listOfTrades_EURUSD_59_2.34.129_SELL_M15_OOS.csv,0.1,7.0,70.0,1386.0,0.0,1386.0,7.0,7.0,18676.0
1712,EURUSD,SELL,2025-09-09 07:19:20+00:00,2025-09-09 10:46:40+00:00,1.17687,1.17513,16.9,16.9,2.34.129,DEMO,OOS,0.0,0.1,0.1,DEMO_ACCOUNT,0.1,C:\Users\Leon\Desktop\QUANT\Data_Center\Data\2_Baseline\Trades\Backtest\DEMO_ACCOUNT\OOS\listOfTrades_EURUSD_59_2.34.129_SELL_M15_OOS.csv,0.1,7.0,70.0,1183.0,0.0,1183.0,7.0,7.0,19859.0
1714,EURUSD,SELL,2025-09-11 02:17:40+00:00,2025-09-11 09:15:40+00:00,1.17048,1.16864,17.9,17.9,2.34.129,DEMO,OOS,0.0,0.1,0.1,DEMO_ACCOUNT,0.1,C:\Users\Leon\Desktop\QUANT\Data_Center\Data\2_Baseline\Trades\Backtest\DEMO_ACCOUNT\OOS\listOfTrades_EURUSD_59_2.34.129_SELL_M15_OOS.csv,0.1,7.0,70.0,1253.0,0.0,1253.0,7.0,7.0,21112.0
1716,EURUSD,SELL,2025-09-15 06:26:40+00:00,2025-09-15 13:21:40+00:00,1.17304,1.17553,-25.4,-25.4,2.34.129,DEMO,OOS,0.0,0.1,0.1,DEMO_ACCOUNT,0.1,C:\Users\Leon\Desktop\QUANT\Data_Center\Data\2_Baseline\Trades\Backtest\DEMO_ACCOUNT\OOS\listOfTrades_EURUSD_59_2.34.129_SELL_M15_OOS.csv,0.1,7.0,70.0,-1778.0,0.0,-1778.0,7.0,7.0,19334.0
1718,EURUSD,SELL,2025-09-16 03:03:20+00:00,2025-09-16 09:22:40+00:00,1.17657,1.17897,-24.5,-24.5,2.34.129,DEMO,OOS,0.0,0.1,0.1,DEMO_ACCOUNT,0.1,C:\Users\Leon\Desktop\QUANT\Data_Center\Data\2_Baseline\Trades\Backtest\DEMO_ACCOUNT\OOS\listOfTrades_EURUSD_59_2.34.129_SELL_M15_OOS.csv,0.1,7.0,70.0,-1715.0,0.0,-1715.0,7.0,7.0,17619.0
1720,EURUSD,SELL,2025-09-19 03:54:40+00:00,2025-09-19 09:33:40+00:00,1.17875,1.17642,22.8,22.8,2.34.129,DEMO,OOS,0.0,0.1,0.1,DEMO_ACCOUNT,0.1,C:\Users\Leon\Desktop\QUANT\Data_Center\Data\2_Baseline\Trades\Backtest\DEMO_ACCOUNT\OOS\listOfTrades_EURUSD_59_2.34.129_SELL_M15_OOS.csv,0.1,7.0,70.0,1596.0,0.0,1596.0,7.0,7.0,19215.0
1722,EURUSD,SELL,2025-09-22 17:53:40+00:00,2025-09-22 23:45:00+00:00,1.17724,1.18011,-29.2,-29.2,2.34.129,DEMO,OOS,0.0,0.1,0.1,DEMO_ACCOUNT,0.1,C:\Users\Leon\Desktop\QUANT\Data_Center\Data\2_Baseline\Trades\Backtest\DEMO_ACCOUNT\OOS\listOfTrades_EURUSD_59_2.34.129_SELL_M15_OOS.csv,0.1,7.0,70.0,-2044.0,0.0,-2044.0,7.0,7.0,17171.0
1724,EURUSD,SELL,2025-09-23 08:35:00+00:00,2025-09-23 10:13:40+00:00,1.18044,1.17866,17.3,17.3,2.34.129,DEMO,OOS,0.0,0.1,0.1,DEMO_ACCOUNT,0.1,C:\Users\Leon\Desktop\QUANT\Data_Center\Data\2_Baseline\Trades\Backtest\DEMO_ACCOUNT\OOS\listOfTrades_EURUSD_59_2.34.129_SELL_M15_OOS.csv,0.1,7.0,70.0,1211.0,0.0,1211.0,7.0,7.0,18382.0
1726,EURUSD,SELL,2025-09-25 01:01:00+00:00,2025-09-25 15:30:40+00:00,1.17396,1.17217,17.4,17.4,2.34.129,DEMO,OOS,0.0,0.1,0.1,DEMO_ACCOUNT,0.1,C:\Users\Leon\Desktop\QUANT\Data_Center\Data\2_Baseline\Trades\Backtest\DEMO_ACCOUNT\OOS\listOfTrades_EURUSD_59_2.34.129_SELL_M15_OOS.csv,0.1,7.0,70.0,1218.0,0.0,1218.0,7.0,7.0,19600.0
1728,EURUSD,SELL,2025-09-26 01:49:00+00:00,2025-09-26 23:45:00+00:00,1.16682,1.17005,-32.8,-32.8,2.34.129,DEMO,OOS,0.0,0.1,0.1,DEMO_ACCOUNT,0.1,C:\Users\Leon\Desktop\QUANT\Data_Center\Data\2_Baseline\Trades\Backtest\DEMO_ACCOUNT\OOS\listOfTrades_EURUSD_59_2.34.129_SELL_M15_OOS.csv,0.1,7.0,70.0,-2296.0,0.0,-2296.0,7.0,7.0,17304.0
1730,EURUSD,SELL,2025-09-29 12:00:40+00:00,2025-09-29 23:45:00+00:00,1.1725,1.17259,-1.4,-1.4,2.34.129,DEMO,OOS,0.0,0.1,0.1,DEMO_ACCOUNT,0.1,C:\Users\Leon\Desktop\QUANT\Data_Center\Data\2_Baseline\Trades\Backtest\DEMO_ACCOUNT\OOS\listOfTrades_EURUSD_59_2.34.129_SELL_M15_OOS.csv,0.1,7.0,70.0,-98.0,0.0,-98.0,7.0,7.0,17206.0
1732,EURUSD,SELL,2025-09-30 02:11:40+00:00,2025-09-30 11:42:40+00:00,1.17284,1.1758,-30.1,-30.1,2.34.129,DEMO,OOS,0.0,0.1,0.1,DEMO_ACCOUNT,0.1,C:\Users\Leon\Desktop\QUANT\Data_Center\Data\2_Baseline\Trades\Backtest\DEMO_ACCOUNT\OOS\listOfTrades_EURUSD_59_2.34.129_SELL_M15_OOS.csv,0.1,7.0,70.0,-2107.0,0.0,-2107.0,7.0,7.0,15099.0
1734,EURUSD,SELL,2025-10-02 01:32:40+00:00,2025-10-02 17:12:40+00:00,1.17343,1.17065,27.3,27.3,2.34.129,DEMO,OOS,0.0,0.1,0.1,DEMO_ACCOUNT,0.1,C:\Users\Leon\Desktop\QUANT\Data_Center\Data\2_Baseline\Trades\Backtest\DEMO_ACCOUNT\OOS\listOfTrades_EURUSD_59_2.34.129_SELL_M15_OOS.csv,0.1,7.0,70.0,1911.0,0.0,1911.0,7.0,7.0,17010.0
1736,EURUSD,SELL,2025-10-03 04:36:40+00:00,2025-10-03 17:05:40+00:00,1.17207,1.17509,-30.7,-30.7,2.34.129,DEMO,OOS,0.0,0.1,0.1,DEMO_ACCOUNT,0.1,C:\Users\Leon\Desktop\QUANT\Data_Center\Data\2_Baseline\Trades\Backtest\DEMO_ACCOUNT\OOS\listOfTrades_EURUSD_59_2.34.129_SELL_M15_OOS.csv,0.1,7.0,70.0,-2149.0,0.0,-2149.0,7.0,7.0,14861.0
1738,EURUSD,SELL,2025-10-06 07:00:20+00:00,2025-10-06 09:14:20+00:00,1.17249,1.17052,19.2,19.2,2.34.129,DEMO,OOS,0.0,0.1,0.1,DEMO_ACCOUNT,0.1,C:\Users\Leon\Desktop\QUANT\Data_Center\Data\2_Baseline\Trades\Backtest\DEMO_ACCOUNT\OOS\listOfTrades_EURUSD_59_2.34.129_SELL_M15_OOS.csv,0.1,7.0,70.0,1344.0,0.0,1344.0,7.0,7.0,16205.0
1740,EURUSD,SELL,2025-10-10 03:52:40+00:00,2025-10-10 18:07:40+00:00,1.15666,1.16076,-41.5,-41.5,2.34.129,DEMO,OOS,0.0,0.1,0.1,DEMO_ACCOUNT,0.1,C:\Users\Leon\Desktop\QUANT\Data_Center\Data\2_Baseline\Trades\Backtest\DEMO_ACCOUNT\OOS\listOfTrades_EURUSD_59_2.34.129_SELL_M15_OOS.csv,0.1,7.0,70.0,-2905.0,0.0,-2905.0,7.0,7.0,13300.0
1742,EURUSD,SELL,2025-10-13 02:03:40+00:00,2025-10-13 14:39:40+00:00,1.16079,1.15767,30.7,30.7,2.34.129,DEMO,OOS,0.0,0.1,0.1,DEMO_ACCOUNT,0.1,C:\Users\Leon\Desktop\QUANT\Data_Center\Data\2_Baseline\Trades\Backtest\DEMO_ACCOUNT\OOS\listOfTrades_EURUSD_59_2.34.129_SELL_M15_OOS.csv,0.1,7.0,70.0,2149.0,0.0,2149.0,7.0,7.0,15449.0
1744,EURUSD,SELL,2025-10-15 02:21:20+00:00,2025-10-15 09:55:20+00:00,1.16056,1.16384,-33.3,-33.3,2.34.129,DEMO,OOS,0.0,0.1,0.1,DEMO_ACCOUNT,0.1,C:\Users\Leon\Desktop\QUANT\Data_Center\Data\2_Baseline\Trades\Backtest\DEMO_ACCOUNT\OOS\listOfTrades_EURUSD_59_2.34.129_SELL_M15_OOS.csv,0.1,7.0,70.0,-2331.0,0.0,-2331.0,7.0,7.0,13118.0
1746,EURUSD,SELL,2025-10-16 12:41:40+00:00,2025-10-16 20:15:20+00:00,1.16597,1.16922,-33.0,-33.0,2.34.129,DEMO,OOS,0.0,0.1,0.1,DEMO_ACCOUNT,0.1,C:\Users\Leon\Desktop\QUANT\Data_Center\Data\2_Baseline\Trades\Backtest\DEMO_ACCOUNT\OOS\listOfTrades_EURUSD_59_2.34.129_SELL_M15_OOS.csv,0.1,7.0,70.0,-2310.0,0.0,-2310.0,7.0,7.0,10808.0
1748,EURUSD,SELL,2025-10-17 10:01:20+00:00,2025-10-17 13:55:40+00:00,1.17105,1.16901,19.9,19.9,2.34.129,DEMO,OOS,0.0,0.1,0.1,DEMO_ACCOUNT,0.1,C:\Users\Leon\Desktop\QUANT\Data_Center\Data\2_Baseline\Trades\Backtest\DEMO_ACCOUNT\OOS\listOfTrades_EURUSD_59_2.34.129_SELL_M15_OOS.csv,0.1,7.0,70.0,1393.0,0.0,1393.0,7.0,7.0,12201.0
1750,EURUSD,SELL,2025-10-20 05:05:40+00:00,2025-10-20 20:41:40+00:00,1.16646,1.16443,19.8,19.8,2.34.129,DEMO,OOS,0.0,0.1,0.1,DEMO_ACCOUNT,0.1,C:\Users\Leon\Desktop\QUANT\Data_Center\Data\2_Baseline\Trades\Backtest\DEMO_ACCOUNT\OOS\listOfTrades_EURUSD_59_2.34.129_SELL_M15_OOS.csv,0.1,7.0,70.0,1386.0,0.0,1386.0,7.0,7.0,13587.0
1752,EURUSD,SELL,2025-10-21 03:02:40+00:00,2025-10-21 05:46:40+00:00,1.1648,1.1633,14.5,14.5,2.34.129,DEMO,OOS,0.0,0.1,0.1,DEMO_ACCOUNT,0.1,C:\Users\Leon\Desktop\QUANT\Data_Center\Data\2_Baseline\Trades\Backtest\DEMO_ACCOUNT\OOS\listOfTrades_EURUSD_59_2.34.129_SELL_M15_OOS.csv,0.1,7.0,70.0,1015.0,0.0,1015.0,7.0,7.0,14602.0
1754,EURUSD,SELL,2025-10-22 04:31:40+00:00,2025-10-22 13:21:40+00:00,1.16046,1.15894,14.7,14.7,2.34.129,DEMO,OOS,0.0,0.1,0.1,DEMO_ACCOUNT,0.1,C:\Users\Leon\Desktop\QUANT\Data_Center\Data\2_Baseline\Trades\Backtest\DEMO_ACCOUNT\OOS\listOfTrades_EURUSD_59_2.34.129_SELL_M15_OOS.csv,0.1,7.0,70.0,1029.0,0.0,1029.0,7.0,7.0,15631.0
1756,EURUSD,SELL,2025-10-24 02:43:40+00:00,2025-10-24 08:27:40+00:00,1.16168,1.16035,12.8,12.8,2.34.129,DEMO,OOS,0.0,0.1,0.1,DEMO_ACCOUNT,0.1,C:\Users\Leon\Desktop\QUANT\Data_Center\Data\2_Baseline\Trades\Backtest\DEMO_ACCOUNT\OOS\listOfTrades_EURUSD_59_2.34.129_SELL_M15_OOS.csv,0.1,7.0,70.0,896.0,0.0,896.0,7.0,7.0,16527.0
1758,EURUSD,SELL,2025-10-27 01:05:40+00:00,2025-10-27 23:45:00+00:00,1.16305,1.16441,-14.1,-14.1,2.34.129,DEMO,OOS,0.0,0.1,0.1,DEMO_ACCOUNT,0.1,C:\Users\Leon\Desktop\QUANT\Data_Center\Data\2_Baseline\Trades\Backtest\DEMO_ACCOUNT\OOS\listOfTrades_EURUSD_59_2.34.129_SELL_M15_OOS.csv,0.1,7.0,70.0,-987.0,0.0,-987.0,7.0,7.0,15540.0
1760,EURUSD,SELL,2025-10-28 10:43:40+00:00,2025-10-28 12:08:40+00:00,1.16608,1.16458,14.5,14.5,2.34.129,DEMO,OOS,0.0,0.1,0.1,DEMO_ACCOUNT,0.1,C:\Users\Leon\Desktop\QUANT\Data_Center\Data\2_Baseline\Trades\Backtest\DEMO_ACCOUNT\OOS\listOfTrades_EURUSD_59_2.34.129_SELL_M15_OOS.csv,0.1,7.0,70.0,1015.0,0.0,1015.0,7.0,7.0,16555.0
1762,EURUSD,SELL,2025-10-29 03:45:40+00:00,2025-10-29 06:36:40+00:00,1.16568,1.16402,16.1,16.1,2.34.129,DEMO,OOS,0.0,0.1,0.1,DEMO_ACCOUNT,0.1,C:\Users\Leon\Desktop\QUANT\Data_Center\Data\2_Baseline\Trades\Backtest\DEMO_ACCOUNT\OOS\listOfTrades_EURUSD_59_2.34.129_SELL_M15_OOS.csv,0.1,7.0,70.0,1127.0,0.0,1127.0,7.0,7.0,17682.0
1764,EURUSD,SELL,2025-10-30 04:33:40+00:00,2025-10-30 15:25:40+00:00,1.16113,1.15876,23.2,23.2,2.34.129,DEMO,OOS,0.0,0.1,0.1,DEMO_ACCOUNT,0.1,C:\Users\Leon\Desktop\QUANT\Data_Center\Data\2_Baseline\Trades\Backtest\DEMO_ACCOUNT\OOS\listOfTrades_EURUSD_59_2.34.129_SELL_M15_OOS.csv,0.1,7.0,70.0,1624.0,0.0,1624.0,7.0,7.0,19306.0
1766,EURUSD,SELL,2025-10-31 02:47:40+00:00,2025-10-31 16:06:40+00:00,1.15712,1.15501,20.6,20.6,2.34.129,DEMO,OOS,0.0,0.1,0.1,DEMO_ACCOUNT,0.1,C:\Users\Leon\Desktop\QUANT\Data_Center\Data\2_Baseline\Trades\Backtest\DEMO_ACCOUNT\OOS\listOfTrades_EURUSD_59_2.34.129_SELL_M15_OOS.csv,0.1,7.0,70.0,1442.0,0.0,1442.0,7.0,7.0,20748.0
1768,EURUSD,SELL,2025-11-03 01:00:20+00:00,2025-11-03 10:52:40+00:00,1.15319,1.15109,20.5,20.5,2.34.129,DEMO,OOS,0.0,0.1,0.1,DEMO_ACCOUNT,0.1,C:\Users\Leon\Desktop\QUANT\Data_Center\Data\2_Baseline\Trades\Backtest\DEMO_ACCOUNT\OOS\listOfTrades_EURUSD_59_2.34.129_SELL_M15_OOS.csv,0.1,7.0,70.0,1435.0,0.0,1435.0,7.0,7.0,22183.0
1770,EURUSD,SELL,2025-11-05 01:23:20+00:00,2025-11-05 16:03:40+00:00,1.14851,1.14698,14.8,14.8,2.34.129,DEMO,OOS,0.0,0.1,0.1,DEMO_ACCOUNT,0.1,C:\Users\Leon\Desktop\QUANT\Data_Center\Data\2_Baseline\Trades\Backtest\DEMO_ACCOUNT\OOS\listOfTrades_EURUSD_59_2.34.129_SELL_M15_OOS.csv,0.1,7.0,70.0,1036.0,0.0,1036.0,7.0,7.0,23219.0
1772,EURUSD,SELL,2025-11-06 10:46:40+00:00,2025-11-06 14:52:40+00:00,1.15082,1.15294,-21.7,-21.7,2.34.129,DEMO,OOS,0.0,0.1,0.1,DEMO_ACCOUNT,0.1,C:\Users\Leon\Desktop\QUANT\Data_Center\Data\2_Baseline\Trades\Backtest\DEMO_ACCOUNT\OOS\listOfTrades_EURUSD_59_2.34.129_SELL_M15_OOS.csv,0.1,7.0,70.0,-1519.0,0.0,-1519.0,7.0,7.0,21700.0
1774,EURUSD,SELL,2025-11-10 04:43:20+00:00,2025-11-10 23:45:00+00:00,1.15605,1.1558,2.0,2.0,2.34.129,DEMO,OOS,0.0,0.1,0.1,DEMO_ACCOUNT,0.1,C:\Users\Leon\Desktop\QUANT\Data_Center\Data\2_Baseline\Trades\Backtest\DEMO_ACCOUNT\OOS\listOfTrades_EURUSD_59_2.34.129_SELL_M15_OOS.csv,0.1,7.0,70.0,140.0,0.0,140.0,7.0,7.0,21840.0
1776,EURUSD,SELL,2025-11-11 06:02:00+00:00,2025-11-11 15:13:40+00:00,1.1558,1.15797,-22.2,-22.2,2.34.129,DEMO,OOS,0.0,0.1,0.1,DEMO_ACCOUNT,0.1,C:\Users\Leon\Desktop\QUANT\Data_Center\Data\2_Baseline\Trades\Backtest\DEMO_ACCOUNT\OOS\listOfTrades_EURUSD_59_2.34.129_SELL_M15_OOS.csv,0.1,7.0,70.0,-1554.0,0.0,-1554.0,7.0,7.0,20286.0
1778,EURUSD,SELL,2025-11-12 08:48:40+00:00,2025-11-12 12:23:40+00:00,1.15802,1.15667,13.0,13.0,2.34.129,DEMO,OOS,0.0,0.1,0.1,DEMO_ACCOUNT,0.1,C:\Users\Leon\Desktop\QUANT\Data_Center\Data\2_Baseline\Trades\Backtest\DEMO_ACCOUNT\OOS\listOfTrades_EURUSD_59_2.34.129_SELL_M15_OOS.csv,0.1,7.0,70.0,910.0,0.0,910.0,7.0,7.0,21196.0
1780,EURUSD,SELL,2025-11-13 01:00:40+00:00,2025-11-13 10:00:40+00:00,1.15894,1.16129,-24.0,-24.0,2.34.129,DEMO,OOS,0.0,0.1,0.1,DEMO_ACCOUNT,0.1,C:\Users\Leon\Desktop\QUANT\Data_Center\Data\2_Baseline\Trades\Backtest\DEMO_ACCOUNT\OOS\listOfTrades_EURUSD_59_2.34.129_SELL_M15_OOS.csv,0.1,7.0,70.0,-1680.0,0.0,-1680.0,7.0,7.0,19516.0
1782,EURUSD,SELL,2025-11-14 04:26:40+00:00,2025-11-14 12:03:40+00:00,1.16371,1.16182,18.4,18.4,2.34.129,DEMO,OOS,0.0,0.1,0.1,DEMO_ACCOUNT,0.1,C:\Users\Leon\Desktop\QUANT\Data_Center\Data\2_Baseline\Trades\Backtest\DEMO_ACCOUNT\OOS\listOfTrades_EURUSD_59_2.34.129_SELL_M15_OOS.csv,0.1,7.0,70.0,1288.0,0.0,1288.0,7.0,7.0,20804.0
1784,EURUSD,SELL,2025-11-17 01:01:40+00:00,2025-11-17 04:02:40+00:00,1.1622,1.16034,18.1,18.1,2.34.129,DEMO,OOS,0.0,0.1,0.1,DEMO_ACCOUNT,0.1,C:\Users\Leon\Desktop\QUANT\Data_Center\Data\2_Baseline\Trades\Backtest\DEMO_ACCOUNT\OOS\listOfTrades_EURUSD_59_2.34.129_SELL_M15_OOS.csv,0.1,7.0,70.0,1267.0,0.0,1267.0,7.0,7.0,22071.0
1786,EURUSD,SELL,2025-11-18 01:05:40+00:00,2025-11-18 18:02:40+00:00,1.15928,1.15779,14.4,14.4,2.34.129,DEMO,OOS,0.0,0.1,0.1,DEMO_ACCOUNT,0.1,C:\Users\Leon\Desktop\QUANT\Data_Center\Data\2_Baseline\Trades\Backtest\DEMO_ACCOUNT\OOS\listOfTrades_EURUSD_59_2.34.129_SELL_M15_OOS.csv,0.1,7.0,70.0,1008.0,0.0,1008.0,7.0,7.0,23079.0
1788,EURUSD,SELL,2025-11-19 03:00:40+00:00,2025-11-19 11:48:40+00:00,1.15826,1.15673,14.8,14.8,2.34.129,DEMO,OOS,0.0,0.1,0.1,DEMO_ACCOUNT,0.1,C:\Users\Leon\Desktop\QUANT\Data_Center\Data\2_Baseline\Trades\Backtest\DEMO_ACCOUNT\OOS\listOfTrades_EURUSD_59_2.34.129_SELL_M15_OOS.csv,0.1,7.0,70.0,1036.0,0.0,1036.0,7.0,7.0,24115.0
1790,EURUSD,SELL,2025-11-20 02:15:40+00:00,2025-11-20 04:08:40+00:00,1.15346,1.15165,17.6,17.6,2.34.129,DEMO,OOS,0.0,0.1,0.1,DEMO_ACCOUNT,0.1,C:\Users\Leon\Desktop\QUANT\Data_Center\Data\2_Baseline\Trades\Backtest\DEMO_ACCOUNT\OOS\listOfTrades_EURUSD_59_2.34.129_SELL_M15_OOS.csv,0.1,7.0,70.0,1232.0,0.0,1232.0,7.0,7.0,25347.0
1792,EURUSD,SELL,2025-11-21 02:37:40+00:00,2025-11-21 12:10:20+00:00,1.15324,1.15147,17.2,17.2,2.34.129,DEMO,OOS,0.0,0.1,0.1,DEMO_ACCOUNT,0.1,C:\Users\Leon\Desktop\QUANT\Data_Center\Data\2_Baseline\Trades\Backtest\DEMO_ACCOUNT\OOS\listOfTrades_EURUSD_59_2.34.129_SELL_M15_OOS.csv,0.1,7.0,70.0,1204.0,0.0,1204.0,7.0,7.0,26551.0
1794,EURUSD,SELL,2025-11-24 03:44:40+00:00,2025-11-24 13:46:40+00:00,1.15112,1.15439,-33.2,-33.2,2.34.129,DEMO,OOS,0.0,0.1,0.1,DEMO_ACCOUNT,0.1,C:\Users\Leon\Desktop\QUANT\Data_Center\Data\2_Baseline\Trades\Backtest\DEMO_ACCOUNT\OOS\listOfTrades_EURUSD_59_2.34.129_SELL_M15_OOS.csv,0.1,7.0,70.0,-2324.0,0.0,-2324.0,7.0,7.0,24227.0
1796,EURUSD,SELL,2025-11-25 03:01:40+00:00,2025-11-25 14:43:40+00:00,1.15255,1.15514,-26.4,-26.4,2.34.129,DEMO,OOS,0.0,0.1,0.1,DEMO_ACCOUNT,0.1,C:\Users\Leon\Desktop\QUANT\Data_Center\Data\2_Baseline\Trades\Backtest\DEMO_ACCOUNT\OOS\listOfTrades_EURUSD_59_2.34.129_SELL_M15_OOS.csv,0.1,7.0,70.0,-1848.0,0.0,-1848.0,7.0,7.0,22379.0
1798,EURUSD,SELL,2025-11-27 15:30:40+00:00,2025-11-27 23:45:00+00:00,1.15914,1.15974,-6.5,-6.5,2.34.129,DEMO,OOS,0.0,0.1,0.1,DEMO_ACCOUNT,0.1,C:\Users\Leon\Desktop\QUANT\Data_Center\Data\2_Baseline\Trades\Backtest\DEMO_ACCOUNT\OOS\listOfTrades_EURUSD_59_2.34.129_SELL_M15_OOS.csv,0.1,7.0,70.0,-455.0,0.0,-455.0,7.0,7.0,21924.0
1800,EURUSD,SELL,2025-11-28 01:00:40+00:00,2025-11-28 03:48:40+00:00,1.15952,1.15851,9.6,9.6,2.34.129,DEMO,OOS,0.0,0.1,0.1,DEMO_ACCOUNT,0.1,C:\Users\Leon\Desktop\QUANT\Data_Center\Data\2_Baseline\Trades\Backtest\DEMO_ACCOUNT\OOS\listOfTrades_EURUSD_59_2.34.129_SELL_M15_OOS.csv,0.1,7.0,70.0,672.0,0.0,672.0,7.0,7.0,22596.0
1802,EURUSD,SELL,2025-12-02 05:30:40+00:00,2025-12-02 17:22:40+00:00,1.16095,1.15973,11.7,11.7,2.34.129,DEMO,OOS,0.0,0.1,0.1,DEMO_ACCOUNT,0.1,C:\Users\Leon\Desktop\QUANT\Data_Center\Data\2_Baseline\Trades\Backtest\DEMO_ACCOUNT\OOS\listOfTrades_EURUSD_59_2.34.129_SELL_M15_OOS.csv,0.1,7.0,70.0,819.0,0.0,819.0,7.0,7.0,23415.0
1804,EURUSD,SELL,2025-12-03 16:31:40+00:00,2025-12-03 23:45:00+00:00,1.16582,1.16693,-11.6,-11.6,2.34.129,DEMO,OOS,0.0,0.1,0.1,DEMO_ACCOUNT,0.1,C:\Users\Leon\Desktop\QUANT\Data_Center\Data\2_Baseline\Trades\Backtest\DEMO_ACCOUNT\OOS\listOfTrades_EURUSD_59_2.34.129_SELL_M15_OOS.csv,0.1,7.0,70.0,-812.0,0.0,-812.0,7.0,7.0,22603.0
1806,EURUSD,SELL,2025-12-04 01:00:40+00:00,2025-12-04 05:37:40+00:00,1.16695,1.16542,14.8,14.8,2.34.129,DEMO,OOS,0.0,0.1,0.1,DEMO_ACCOUNT,0.1,C:\Users\Leon\Desktop\QUANT\Data_Center\Data\2_Baseline\Trades\Backtest\DEMO_ACCOUNT\OOS\listOfTrades_EURUSD_59_2.34.129_SELL_M15_OOS.csv,0.1,7.0,70.0,1036.0,0.0,1036.0,7.0,7.0,23639.0
1808,EURUSD,SELL,2025-12-05 05:46:40+00:00,2025-12-05 09:30:40+00:00,1.1649,1.16689,-20.4,-20.4,2.34.129,DEMO,OOS,0.0,0.1,0.1,DEMO_ACCOUNT,0.1,C:\Users\Leon\Desktop\QUANT\Data_Center\Data\2_Baseline\Trades\Backtest\DEMO_ACCOUNT\OOS\listOfTrades_EURUSD_59_2.34.129_SELL_M15_OOS.csv,0.1,7.0,70.0,-1428.0,0.0,-1428.0,7.0,7.0,22211.0
1810,EURUSD,SELL,2025-12-08 01:31:40+00:00,2025-12-08 08:04:20+00:00,1.1645,1.16717,-27.2,-27.2,2.34.129,DEMO,OOS,0.0,0.1,0.1,DEMO_ACCOUNT,0.1,C:\Users\Leon\Desktop\QUANT\Data_Center\Data\2_Baseline\Trades\Backtest\DEMO_ACCOUNT\OOS\listOfTrades_EURUSD_59_2.34.129_SELL_M15_OOS.csv,0.1,7.0,70.0,-1904.0,0.0,-1904.0,7.0,7.0,20307.0
1812,EURUSD,SELL,2025-12-09 08:25:40+00:00,2025-12-09 15:25:40+00:00,1.16451,1.16321,12.5,12.5,2.34.129,DEMO,OOS,0.0,0.1,0.1,DEMO_ACCOUNT,0.1,C:\Users\Leon\Desktop\QUANT\Data_Center\Data\2_Baseline\Trades\Backtest\DEMO_ACCOUNT\OOS\listOfTrades_EURUSD_59_2.34.129_SELL_M15_OOS.csv,0.1,7.0,70.0,875.0,0.0,875.0,7.0,7.0,21182.0
1814,EURUSD,SELL,2025-12-10 02:15:40+00:00,2025-12-10 10:33:40+00:00,1.16288,1.16529,-24.6,-24.6,2.34.129,DEMO,OOS,0.0,0.1,0.1,DEMO_ACCOUNT,0.1,C:\Users\Leon\Desktop\QUANT\Data_Center\Data\2_Baseline\Trades\Backtest\DEMO_ACCOUNT\OOS\listOfTrades_EURUSD_59_2.34.129_SELL_M15_OOS.csv,0.1,7.0,70.0,-1722.0,0.0,-1722.0,7.0,7.0,19460.0
1816,EURUSD,SELL,2025-12-11 05:00:40+00:00,2025-12-11 15:48:40+00:00,1.16963,1.17333,-37.5,-37.5,2.34.129,DEMO,OOS,0.0,0.1,0.1,DEMO_ACCOUNT,0.1,C:\Users\Leon\Desktop\QUANT\Data_Center\Data\2_Baseline\Trades\Backtest\DEMO_ACCOUNT\OOS\listOfTrades_EURUSD_59_2.34.129_SELL_M15_OOS.csv,0.1,7.0,70.0,-2625.0,0.0,-2625.0,7.0,7.0,16835.0
1818,EURUSD,SELL,2025-12-12 03:25:40+00:00,2025-12-12 10:59:40+00:00,1.17453,1.17287,16.1,16.1,2.34.129,DEMO,OOS,0.0,0.1,0.1,DEMO_ACCOUNT,0.1,C:\Users\Leon\Desktop\QUANT\Data_Center\Data\2_Baseline\Trades\Backtest\DEMO_ACCOUNT\OOS\listOfTrades_EURUSD_59_2.34.129_SELL_M15_OOS.csv,0.1,7.0,70.0,1127.0,0.0,1127.0,7.0,7.0,17962.0
1820,EURUSD,SELL,2025-12-15 05:15:20+00:00,2025-12-15 17:02:40+00:00,1.17397,1.17661,-26.9,-26.9,2.34.129,DEMO,OOS,0.0,0.1,0.1,DEMO_ACCOUNT,0.1,C:\Users\Leon\Desktop\QUANT\Data_Center\Data\2_Baseline\Trades\Backtest\DEMO_ACCOUNT\OOS\listOfTrades_EURUSD_59_2.34.129_SELL_M15_OOS.csv,0.1,7.0,70.0,-1883.0,0.0,-1883.0,7.0,7.0,16079.0
1822,EURUSD,SELL,2025-12-16 01:00:40+00:00,2025-12-16 14:58:40+00:00,1.17522,1.17761,-24.4,-24.4,2.34.129,DEMO,OOS,0.0,0.1,0.1,DEMO_ACCOUNT,0.1,C:\Users\Leon\Desktop\QUANT\Data_Center\Data\2_Baseline\Trades\Backtest\DEMO_ACCOUNT\OOS\listOfTrades_EURUSD_59_2.34.129_SELL_M15_OOS.csv,0.1,7.0,70.0,-1708.0,0.0,-1708.0,7.0,7.0,14371.0
1824,EURUSD,SELL,2025-12-18 02:34:40+00:00,2025-12-18 10:34:40+00:00,1.17451,1.17294,15.2,15.2,2.34.129,DEMO,OOS,0.0,0.1,0.1,DEMO_ACCOUNT,0.1,C:\Users\Leon\Desktop\QUANT\Data_Center\Data\2_Baseline\Trades\Backtest\DEMO_ACCOUNT\OOS\listOfTrades_EURUSD_59_2.34.129_SELL_M15_OOS.csv,0.1,7.0,70.0,1064.0,0.0,1064.0,7.0,7.0,15435.0
1826,EURUSD,SELL,2025-12-19 01:03:20+00:00,2025-12-19 09:53:40+00:00,1.17273,1.17061,20.7,20.7,2.34.129,DEMO,OOS,0.0,0.1,0.1,DEMO_ACCOUNT,0.1,C:\Users\Leon\Desktop\QUANT\Data_Center\Data\2_Baseline\Trades\Backtest\DEMO_ACCOUNT\OOS\listOfTrades_EURUSD_59_2.34.129_SELL_M15_OOS.csv,0.1,7.0,70.0,1449.0,0.0,1449.0,7.0,7.0,16884.0
1828,EURUSD,SELL,2025-12-22 03:30:20+00:00,2025-12-22 15:06:40+00:00,1.1717,1.17453,-28.8,-28.8,2.34.129,DEMO,OOS,0.0,0.1,0.1,DEMO_ACCOUNT,0.1,C:\Users\Leon\Desktop\QUANT\Data_Center\Data\2_Baseline\Trades\Backtest\DEMO_ACCOUNT\OOS\listOfTrades_EURUSD_59_2.34.129_SELL_M15_OOS.csv,0.1,7.0,70.0,-2016.0,0.0,-2016.0,7.0,7.0,14868.0
1830,EURUSD,SELL,2025-12-23 15:17:40+00:00,2025-12-23 16:18:40+00:00,1.17901,1.17719,17.7,17.7,2.34.129,DEMO,OOS,0.0,0.1,0.1,DEMO_ACCOUNT,0.1,C:\Users\Leon\Desktop\QUANT\Data_Center\Data\2_Baseline\Trades\Backtest\DEMO_ACCOUNT\OOS\listOfTrades_EURUSD_59_2.34.129_SELL_M15_OOS.csv,0.1,7.0,70.0,1239.0,0.0,1239.0,7.0,7.0,16107.0
1832,EURUSD,SELL,2025-12-24 07:42:40+00:00,2025-12-24 10:19:40+00:00,1.1797,1.17807,15.8,15.8,2.34.129,DEMO,OOS,0.0,0.1,0.1,DEMO_ACCOUNT,0.1,C:\Users\Leon\Desktop\QUANT\Data_Center\Data\2_Baseline\Trades\Backtest\DEMO_ACCOUNT\OOS\listOfTrades_EURUSD_59_2.34.129_SELL_M15_OOS.csv,0.1,7.0,70.0,1106.0,0.0,1106.0,7.0,7.0,17213.0
1834,EURUSD,SELL,2025-12-26 01:00:40+00:00,2025-12-26 10:02:40+00:00,1.17803,1.17678,12.0,12.0,2.34.129,DEMO,OOS,0.0,0.1,0.1,DEMO_ACCOUNT,0.1,C:\Users\Leon\Desktop\QUANT\Data_Center\Data\2_Baseline\Trades\Backtest\DEMO_ACCOUNT\OOS\listOfTrades_EURUSD_59_2.34.129_SELL_M15_OOS.csv,0.1,7.0,70.0,840.0,0.0,840.0,7.0,7.0,18053.0
1836,EURUSD,SELL,2025-12-29 04:49:20+00:00,2025-12-29 07:02:20+00:00,1.17782,1.17615,16.2,16.2,2.34.129,DEMO,OOS,0.0,0.1,0.1,DEMO_ACCOUNT,0.1,C:\Users\Leon\Desktop\QUANT\Data_Center\Data\2_Baseline\Trades\Backtest\DEMO_ACCOUNT\OOS\listOfTrades_EURUSD_59_2.34.129_SELL_M15_OOS.csv,0.1,7.0,70.0,1134.0,0.0,1134.0,7.0,7.0,19187.0
1838,EURUSD,SELL,2025-12-30 05:16:40+00:00,2025-12-30 15:10:20+00:00,1.17717,1.17564,14.8,14.8,2.34.129,DEMO,OOS,0.0,0.1,0.1,DEMO_ACCOUNT,0.1,C:\Users\Leon\Desktop\QUANT\Data_Center\Data\2_Baseline\Trades\Backtest\DEMO_ACCOUNT\OOS\listOfTrades_EURUSD_59_2.34.129_SELL_M15_OOS.csv,0.1,7.0,70.0,1036.0,0.0,1036.0,7.0,7.0,20223.0
1840,EURUSD,SELL,2026-01-02 06:48:40+00:00,2026-01-02 08:30:40+00:00,1.17567,1.17429,13.3,13.3,2.34.129,DEMO,OOS,0.0,0.1,0.1,DEMO_ACCOUNT,0.1,C:\Users\Leon\Desktop\QUANT\Data_Center\Data\2_Baseline\Trades\Backtest\DEMO_ACCOUNT\OOS\listOfTrades_EURUSD_59_2.34.129_SELL_M15_OOS.csv,0.1,7.0,70.0,931.0,0.0,931.0,7.0,7.0,21154.0
1842,EURUSD,SELL,2026-01-05 09:00:20+00:00,2026-01-05 14:56:00+00:00,1.1691,1.16727,17.8,17.8,2.34.129,DEMO,OOS,0.0,0.1,0.1,DEMO_ACCOUNT,0.1,C:\Users\Leon\Desktop\QUANT\Data_Center\Data\2_Baseline\Trades\Backtest\DEMO_ACCOUNT\OOS\listOfTrades_EURUSD_59_2.34.129_SELL_M15_OOS.csv,0.1,7.0,70.0,1246.0,0.0,1246.0,7.0,7.0,22400.0
1844,EURUSD,SELL,2026-01-06 08:00:40+00:00,2026-01-06 11:23:40+00:00,1.17289,1.17129,15.5,15.5,2.34.129,DEMO,OOS,0.0,0.1,0.1,DEMO_ACCOUNT,0.1,C:\Users\Leon\Desktop\QUANT\Data_Center\Data\2_Baseline\Trades\Backtest\DEMO_ACCOUNT\OOS\listOfTrades_EURUSD_59_2.34.129_SELL_M15_OOS.csv,0.1,7.0,70.0,1085.0,0.0,1085.0,7.0,7.0,23485.0
1846,EURUSD,SELL,2026-01-07 02:35:40+00:00,2026-01-07 10:27:40+00:00,1.16909,1.16744,16.0,16.0,2.34.129,DEMO,OOS,0.0,0.1,0.1,DEMO_ACCOUNT,0.1,C:\Users\Leon\Desktop\QUANT\Data_Center\Data\2_Baseline\Trades\Backtest\DEMO_ACCOUNT\OOS\listOfTrades_EURUSD_59_2.34.129_SELL_M15_OOS.csv,0.1,7.0,70.0,1120.0,0.0,1120.0,7.0,7.0,24605.0
1848,EURUSD,SELL,2026-01-08 07:30:40+00:00,2026-01-08 15:34:40+00:00,1.16788,1.16679,10.4,10.4,2.34.129,DEMO,OOS,0.0,0.1,0.1,DEMO_ACCOUNT,0.1,C:\Users\Leon\Desktop\QUANT\Data_Center\Data\2_Baseline\Trades\Backtest\DEMO_ACCOUNT\OOS\listOfTrades_EURUSD_59_2.34.129_SELL_M15_OOS.csv,0.1,7.0,70.0,728.0,0.0,728.0,7.0,7.0,25333.0
1850,EURUSD,SELL,2026-01-09 02:18:40+00:00,2026-01-09 09:34:40+00:00,1.1656,1.16415,14.0,14.0,2.34.129,DEMO,OOS,0.0,0.1,0.1,DEMO_ACCOUNT,0.1,C:\Users\Leon\Desktop\QUANT\Data_Center\Data\2_Baseline\Trades\Backtest\DEMO_ACCOUNT\OOS\listOfTrades_EURUSD_59_2.34.129_SELL_M15_OOS.csv,0.1,7.0,70.0,980.0,0.0,980.0,7.0,7.0,26313.0
1852,EURUSD,SELL,2026-01-12 14:01:40+00:00,2026-01-12 23:45:00+00:00,1.16796,1.16679,11.2,11.2,2.34.129,DEMO,OOS,0.0,0.1,0.1,DEMO_ACCOUNT,0.1,C:\Users\Leon\Desktop\QUANT\Data_Center\Data\2_Baseline\Trades\Backtest\DEMO_ACCOUNT\OOS\listOfTrades_EURUSD_59_2.34.129_SELL_M15_OOS.csv,0.1,7.0,70.0,784.0,0.0,784.0,7.0,7.0,27097.0
1854,EURUSD,SELL,2026-01-13 07:19:40+00:00,2026-01-13 15:24:40+00:00,1.16649,1.16505,13.9,13.9,2.34.129,DEMO,OOS,0.0,0.1,0.1,DEMO_ACCOUNT,0.1,C:\Users\Leon\Desktop\QUANT\Data_Center\Data\2_Baseline\Trades\Backtest\DEMO_ACCOUNT\OOS\listOfTrades_EURUSD_59_2.34.129_SELL_M15_OOS.csv,0.1,7.0,70.0,973.0,0.0,973.0,7.0,7.0,28070.0
1856,EURUSD,SELL,2026-01-14 07:31:40+00:00,2026-01-14 23:45:00+00:00,1.16439,1.16448,-1.4,-1.4,2.34.129,DEMO,OOS,0.0,0.1,0.1,DEMO_ACCOUNT,0.1,C:\Users\Leon\Desktop\QUANT\Data_Center\Data\2_Baseline\Trades\Backtest\DEMO_ACCOUNT\OOS\listOfTrades_EURUSD_59_2.34.129_SELL_M15_OOS.csv,0.1,7.0,70.0,-98.0,0.0,-98.0,7.0,7.0,27972.0
1858,EURUSD,SELL,2026-01-16 04:21:20+00:00,2026-01-16 17:39:40+00:00,1.16097,1.15949,14.3,14.3,2.34.129,DEMO,OOS,0.0,0.1,0.1,DEMO_ACCOUNT,0.1,C:\Users\Leon\Desktop\QUANT\Data_Center\Data\2_Baseline\Trades\Backtest\DEMO_ACCOUNT\OOS\listOfTrades_EURUSD_59_2.34.129_SELL_M15_OOS.csv,0.1,7.0,70.0,1001.0,0.0,1001.0,7.0,7.0,28973.0
1860,EURUSD,SELL,2026-01-19 09:50:40+00:00,2026-01-19 23:45:00+00:00,1.16271,1.16467,-20.1,-20.1,2.34.129,DEMO,OOS,0.0,0.1,0.1,DEMO_ACCOUNT,0.1,C:\Users\Leon\Desktop\QUANT\Data_Center\Data\2_Baseline\Trades\Backtest\DEMO_ACCOUNT\OOS\listOfTrades_EURUSD_59_2.34.129_SELL_M15_OOS.csv,0.1,7.0,70.0,-1407.0,0.0,-1407.0,7.0,7.0,27566.0
1862,EURUSD,SELL,2026-01-20 03:59:40+00:00,2026-01-20 06:55:40+00:00,1.1644,1.16653,-21.8,-21.8,2.34.129,DEMO,OOS,0.0,0.1,0.1,DEMO_ACCOUNT,0.1,C:\Users\Leon\Desktop\QUANT\Data_Center\Data\2_Baseline\Trades\Backtest\DEMO_ACCOUNT\OOS\listOfTrades_EURUSD_59_2.34.129_SELL_M15_OOS.csv,0.1,7.0,70.0,-1526.0,0.0,-1526.0,7.0,7.0,26040.0
1864,EURUSD,SELL,2026-01-21 01:48:40+00:00,2026-01-21 11:53:40+00:00,1.17279,1.1704,23.4,23.4,2.34.129,DEMO,OOS,0.0,0.1,0.1,DEMO_ACCOUNT,0.1,C:\Users\Leon\Desktop\QUANT\Data_Center\Data\2_Baseline\Trades\Backtest\DEMO_ACCOUNT\OOS\listOfTrades_EURUSD_59_2.34.129_SELL_M15_OOS.csv,0.1,7.0,70.0,1638.0,0.0,1638.0,7.0,7.0,27678.0
1866,EURUSD,SELL,2026-01-22 03:45:40+00:00,2026-01-22 16:39:40+00:00,1.16867,1.17229,-36.7,-36.7,2.34.129,DEMO,OOS,0.0,0.1,0.1,DEMO_ACCOUNT,0.1,C:\Users\Leon\Desktop\QUANT\Data_Center\Data\2_Baseline\Trades\Backtest\DEMO_ACCOUNT\OOS\listOfTrades_EURUSD_59_2.34.129_SELL_M15_OOS.csv,0.1,7.0,70.0,-2569.0,0.0,-2569.0,7.0,7.0,25109.0
1868,EURUSD,SELL,2026-01-26 08:06:40+00:00,2026-01-26 23:45:00+00:00,1.18653,1.18756,-10.8,-10.8,2.34.129,DEMO,OOS,0.0,0.1,0.1,DEMO_ACCOUNT,0.1,C:\Users\Leon\Desktop\QUANT\Data_Center\Data\2_Baseline\Trades\Backtest\DEMO_ACCOUNT\OOS\listOfTrades_EURUSD_59_2.34.129_SELL_M15_OOS.csv,0.1,7.0,70.0,-756.0,0.0,-756.0,7.0,7.0,24353.0
1870,EURUSD,SELL,2026-01-27 02:45:20+00:00,2026-01-27 10:10:40+00:00,1.18802,1.18581,21.6,21.6,2.34.129,DEMO,OOS,0.0,0.1,0.1,DEMO_ACCOUNT,0.1,C:\Users\Leon\Desktop\QUANT\Data_Center\Data\2_Baseline\Trades\Backtest\DEMO_ACCOUNT\OOS\listOfTrades_EURUSD_59_2.34.129_SELL_M15_OOS.csv,0.1,7.0,70.0,1512.0,0.0,1512.0,7.0,7.0,25865.0
1872,EURUSD,SELL,2026-01-28 09:11:40+00:00,2026-01-28 13:17:40+00:00,1.20052,1.19685,36.2,36.2,2.34.129,DEMO,OOS,0.0,0.1,0.1,DEMO_ACCOUNT,0.1,C:\Users\Leon\Desktop\QUANT\Data_Center\Data\2_Baseline\Trades\Backtest\DEMO_ACCOUNT\OOS\listOfTrades_EURUSD_59_2.34.129_SELL_M15_OOS.csv,0.1,7.0,70.0,2534.0,0.0,2534.0,7.0,7.0,28399.0
1874,EURUSD,SELL,2026-01-29 10:01:40+00:00,2026-01-29 12:19:20+00:00,1.19794,1.19473,31.6,31.6,2.34.129,DEMO,OOS,0.0,0.1,0.1,DEMO_ACCOUNT,0.1,C:\Users\Leon\Desktop\QUANT\Data_Center\Data\2_Baseline\Trades\Backtest\DEMO_ACCOUNT\OOS\listOfTrades_EURUSD_59_2.34.129_SELL_M15_OOS.csv,0.1,7.0,70.0,2212.0,0.0,2212.0,7.0,7.0,30611.0
1876,EURUSD,SELL,2026-02-02 03:26:40+00:00,2026-02-02 15:32:40+00:00,1.18623,1.18257,36.1,36.1,2.34.129,DEMO,OOS,0.0,0.1,0.1,DEMO_ACCOUNT,0.1,C:\Users\Leon\Desktop\QUANT\Data_Center\Data\2_Baseline\Trades\Backtest\DEMO_ACCOUNT\OOS\listOfTrades_EURUSD_59_2.34.129_SELL_M15_OOS.csv,0.1,7.0,70.0,2527.0,0.0,2527.0,7.0,7.0,33138.0
1878,EURUSD,SELL,2026-02-03 10:23:40+00:00,2026-02-03 12:18:40+00:00,1.18122,1.17907,21.0,21.0,2.34.129,DEMO,OOS,0.0,0.1,0.1,DEMO_ACCOUNT,0.1,C:\Users\Leon\Desktop\QUANT\Data_Center\Data\2_Baseline\Trades\Backtest\DEMO_ACCOUNT\OOS\listOfTrades_EURUSD_59_2.34.129_SELL_M15_OOS.csv,0.1,7.0,70.0,1470.0,0.0,1470.0,7.0,7.0,34608.0
1880,EURUSD,SELL,2026-02-04 03:12:40+00:00,2026-02-04 17:56:40+00:00,1.18181,1.17957,21.9,21.9,2.34.129,DEMO,OOS,0.0,0.1,0.1,DEMO_ACCOUNT,0.1,C:\Users\Leon\Desktop\QUANT\Data_Center\Data\2_Baseline\Trades\Backtest\DEMO_ACCOUNT\OOS\listOfTrades_EURUSD_59_2.34.129_SELL_M15_OOS.csv,0.1,7.0,70.0,1533.0,0.0,1533.0,7.0,7.0,36141.0
1882,EURUSD,SELL,2026-02-05 01:04:40+00:00,2026-02-05 05:03:40+00:00,1.18049,1.17835,20.9,20.9,2.34.129,DEMO,OOS,0.0,0.1,0.1,DEMO_ACCOUNT,0.1,C:\Users\Leon\Desktop\QUANT\Data_Center\Data\2_Baseline\Trades\Backtest\DEMO_ACCOUNT\OOS\listOfTrades_EURUSD_59_2.34.129_SELL_M15_OOS.csv,0.1,7.0,70.0,1463.0,0.0,1463.0,7.0,7.0,37604.0
1884,EURUSD,SELL,2026-02-06 03:46:40+00:00,2026-02-06 16:31:40+00:00,1.17847,1.18181,-33.9,-33.9,2.34.129,DEMO,OOS,0.0,0.1,0.1,DEMO_ACCOUNT,0.1,C:\Users\Leon\Desktop\QUANT\Data_Center\Data\2_Baseline\Trades\Backtest\DEMO_ACCOUNT\OOS\listOfTrades_EURUSD_59_2.34.129_SELL_M15_OOS.csv,0.1,7.0,70.0,-2373.0,0.0,-2373.0,7.0,7.0,35231.0
1886,EURUSD,SELL,2026-02-09 04:31:40+00:00,2026-02-09 08:01:40+00:00,1.18225,1.18531,-31.1,-31.1,2.34.129,DEMO,OOS,0.0,0.1,0.1,DEMO_ACCOUNT,0.1,C:\Users\Leon\Desktop\QUANT\Data_Center\Data\2_Baseline\Trades\Backtest\DEMO_ACCOUNT\OOS\listOfTrades_EURUSD_59_2.34.129_SELL_M15_OOS.csv,0.1,7.0,70.0,-2177.0,0.0,-2177.0,7.0,7.0,33054.0
1888,EURUSD,SELL,2026-02-10 08:06:40+00:00,2026-02-10 14:52:40+00:00,1.19108,1.1892,18.3,18.3,2.34.129,DEMO,OOS,0.0,0.1,0.1,DEMO_ACCOUNT,0.1,C:\Users\Leon\Desktop\QUANT\Data_Center\Data\2_Baseline\Trades\Backtest\DEMO_ACCOUNT\OOS\listOfTrades_EURUSD_59_2.34.129_SELL_M15_OOS.csv,0.1,7.0,70.0,1281.0,0.0,1281.0,7.0,7.0,34335.0
1890,EURUSD,SELL,2026-02-11 03:48:40+00:00,2026-02-11 12:55:40+00:00,1.18964,1.1926,-30.1,-30.1,2.34.129,DEMO,OOS,0.0,0.1,0.1,DEMO_ACCOUNT,0.1,C:\Users\Leon\Desktop\QUANT\Data_Center\Data\2_Baseline\Trades\Backtest\DEMO_ACCOUNT\OOS\listOfTrades_EURUSD_59_2.34.129_SELL_M15_OOS.csv,0.1,7.0,70.0,-2107.0,0.0,-2107.0,7.0,7.0,32228.0
1892,EURUSD,SELL,2026-02-12 03:00:40+00:00,2026-02-12 08:32:40+00:00,1.18766,1.18538,22.3,22.3,2.34.129,DEMO,OOS,0.0,0.1,0.1,DEMO_ACCOUNT,0.1,C:\Users\Leon\Desktop\QUANT\Data_Center\Data\2_Baseline\Trades\Backtest\DEMO_ACCOUNT\OOS\listOfTrades_EURUSD_59_2.34.129_SELL_M15_OOS.csv,0.1,7.0,70.0,1561.0,0.0,1561.0,7.0,7.0,33789.0
1894,EURUSD,SELL,2026-02-13 01:34:40+00:00,2026-02-13 09:11:40+00:00,1.18698,1.18497,19.6,19.6,2.34.129,DEMO,OOS,0.0,0.1,0.1,DEMO_ACCOUNT,0.1,C:\Users\Leon\Desktop\QUANT\Data_Center\Data\2_Baseline\Trades\Backtest\DEMO_ACCOUNT\OOS\listOfTrades_EURUSD_59_2.34.129_SELL_M15_OOS.csv,0.1,7.0,70.0,1372.0,0.0,1372.0,7.0,7.0,35161.0
1896,EURUSD,SELL,2026-02-16 05:43:40+00:00,2026-02-16 14:55:40+00:00,1.18677,1.18511,16.1,16.1,2.34.129,DEMO,OOS,0.0,0.1,0.1,DEMO_ACCOUNT,0.1,C:\Users\Leon\Desktop\QUANT\Data_Center\Data\2_Baseline\Trades\Backtest\DEMO_ACCOUNT\OOS\listOfTrades_EURUSD_59_2.34.129_SELL_M15_OOS.csv,0.1,7.0,70.0,1127.0,0.0,1127.0,7.0,7.0,36288.0
1898,EURUSD,SELL,2026-02-17 09:00:20+00:00,2026-02-17 09:31:40+00:00,1.18437,1.18328,10.4,10.4,2.34.129,DEMO,OOS,0.0,0.1,0.1,DEMO_ACCOUNT,0.1,C:\Users\Leon\Desktop\QUANT\Data_Center\Data\2_Baseline\Trades\Backtest\DEMO_ACCOUNT\OOS\listOfTrades_EURUSD_59_2.34.129_SELL_M15_OOS.csv,0.1,7.0,70.0,728.0,0.0,728.0,7.0,7.0,37016.0
1900,EURUSD,SELL,2026-02-19 03:17:40+00:00,2026-02-19 13:37:40+00:00,1.17946,1.17781,16.0,16.0,2.34.129,DEMO,OOS,0.0,0.1,0.1,DEMO_ACCOUNT,0.1,C:\Users\Leon\Desktop\QUANT\Data_Center\Data\2_Baseline\Trades\Backtest\DEMO_ACCOUNT\OOS\listOfTrades_EURUSD_59_2.34.129_SELL_M15_OOS.csv,0.1,7.0,70.0,1120.0,0.0,1120.0,7.0,7.0,38136.0
1902,EURUSD,SELL,2026-02-20 02:03:40+00:00,2026-02-20 07:09:40+00:00,1.17695,1.17502,18.8,18.8,2.34.129,DEMO,OOS,0.0,0.1,0.1,DEMO_ACCOUNT,0.1,C:\Users\Leon\Desktop\QUANT\Data_Center\Data\2_Baseline\Trades\Backtest\DEMO_ACCOUNT\OOS\listOfTrades_EURUSD_59_2.34.129_SELL_M15_OOS.csv,0.1,7.0,70.0,1316.0,0.0,1316.0,7.0,7.0,39452.0
1904,EURUSD,SELL,2026-02-23 09:40:40+00:00,2026-02-23 11:54:40+00:00,1.18242,1.18011,22.6,22.6,2.34.129,DEMO,OOS,0.0,0.1,0.1,DEMO_ACCOUNT,0.1,C:\Users\Leon\Desktop\QUANT\Data_Center\Data\2_Baseline\Trades\Backtest\DEMO_ACCOUNT\OOS\listOfTrades_EURUSD_59_2.34.129_SELL_M15_OOS.csv,0.1,7.0,70.0,1582.0,0.0,1582.0,7.0,7.0,41034.0
1906,EURUSD,SELL,2026-02-24 02:32:40+00:00,2026-02-24 03:26:40+00:00,1.17923,1.17747,17.1,17.1,2.34.129,DEMO,OOS,0.0,0.1,0.1,DEMO_ACCOUNT,0.1,C:\Users\Leon\Desktop\QUANT\Data_Center\Data\2_Baseline\Trades\Backtest\DEMO_ACCOUNT\OOS\listOfTrades_EURUSD_59_2.34.129_SELL_M15_OOS.csv,0.1,7.0,70.0,1197.0,0.0,1197.0,7.0,7.0,42231.0
1908,EURUSD,SELL,2026-02-25 03:01:40+00:00,2026-02-25 07:41:40+00:00,1.17785,1.18031,-25.1,-25.1,2.34.129,DEMO,OOS,0.0,0.1,0.1,DEMO_ACCOUNT,0.1,C:\Users\Leon\Desktop\QUANT\Data_Center\Data\2_Baseline\Trades\Backtest\DEMO_ACCOUNT\OOS\listOfTrades_EURUSD_59_2.34.129_SELL_M15_OOS.csv,0.1,7.0,70.0,-1757.0,0.0,-1757.0,7.0,7.0,40474.0
1910,EURUSD,SELL,2026-02-26 04:45:40+00:00,2026-02-26 12:00:40+00:00,1.18144,1.17968,17.1,17.1,2.34.129,DEMO,OOS,0.0,0.1,0.1,DEMO_ACCOUNT,0.1,C:\Users\Leon\Desktop\QUANT\Data_Center\Data\2_Baseline\Trades\Backtest\DEMO_ACCOUNT\OOS\listOfTrades_EURUSD_59_2.34.129_SELL_M15_OOS.csv,0.1,7.0,70.0,1197.0,0.0,1197.0,7.0,7.0,41671.0
1912,EURUSD,SELL,2026-02-27 01:01:40+00:00,2026-02-27 23:45:00+00:00,1.17969,1.18118,-15.4,-15.4,2.34.129,DEMO,OOS,0.0,0.1,0.1,DEMO_ACCOUNT,0.1,C:\Users\Leon\Desktop\QUANT\Data_Center\Data\2_Baseline\Trades\Backtest\DEMO_ACCOUNT\OOS\listOfTrades_EURUSD_59_2.34.129_SELL_M15_OOS.csv,0.1,7.0,70.0,-1078.0,0.0,-1078.0,7.0,7.0,40593.0
1914,EURUSD,SELL,2026-03-02 05:05:40+00:00,2026-03-02 08:02:40+00:00,1.17926,1.17598,32.3,32.3,2.34.129,DEMO,OOS,0.0,0.1,0.1,DEMO_ACCOUNT,0.1,C:\Users\Leon\Desktop\QUANT\Data_Center\Data\2_Baseline\Trades\Backtest\DEMO_ACCOUNT\OOS\listOfTrades_EURUSD_59_2.34.129_SELL_M15_OOS.csv,0.1,7.0,70.0,2261.0,0.0,2261.0,7.0,7.0,42854.0
1916,EURUSD,SELL,2026-03-03 03:04:40+00:00,2026-03-03 07:47:40+00:00,1.16958,1.16658,29.5,29.5,2.34.129,DEMO,OOS,0.0,0.1,0.1,DEMO_ACCOUNT,0.1,C:\Users\Leon\Desktop\QUANT\Data_Center\Data\2_Baseline\Trades\Backtest\DEMO_ACCOUNT\OOS\listOfTrades_EURUSD_59_2.34.129_SELL_M15_OOS.csv,0.1,7.0,70.0,2065.0,0.0,2065.0,7.0,7.0,44919.0
1918,EURUSD,SELL,2026-03-04 08:26:40+00:00,2026-03-04 23:45:00+00:00,1.16055,1.1636,-31.0,-31.0,2.34.129,DEMO,OOS,0.0,0.1,0.1,DEMO_ACCOUNT,0.1,C:\Users\Leon\Desktop\QUANT\Data_Center\Data\2_Baseline\Trades\Backtest\DEMO_ACCOUNT\OOS\listOfTrades_EURUSD_59_2.34.129_SELL_M15_OOS.csv,0.1,7.0,70.0,-2170.0,0.0,-2170.0,7.0,7.0,42749.0
1920,EURUSD,SELL,2026-03-05 02:00:20+00:00,2026-03-05 05:30:40+00:00,1.16349,1.16116,22.8,22.8,2.34.129,DEMO,OOS,0.0,0.1,0.1,DEMO_ACCOUNT,0.1,C:\Users\Leon\Desktop\QUANT\Data_Center\Data\2_Baseline\Trades\Backtest\DEMO_ACCOUNT\OOS\listOfTrades_EURUSD_59_2.34.129_SELL_M15_OOS.csv,0.1,7.0,70.0,1596.0,0.0,1596.0,7.0,7.0,44345.0
1922,EURUSD,SELL,2026-03-06 07:40:20+00:00,2026-03-06 11:13:40+00:00,1.16139,1.15909,22.5,22.5,2.34.129,DEMO,OOS,0.0,0.1,0.1,DEMO_ACCOUNT,0.1,C:\Users\Leon\Desktop\QUANT\Data_Center\Data\2_Baseline\Trades\Backtest\DEMO_ACCOUNT\OOS\listOfTrades_EURUSD_59_2.34.129_SELL_M15_OOS.csv,0.1,7.0,70.0,1575.0,0.0,1575.0,7.0,7.0,45920.0
1924,EURUSD,SELL,2026-03-09 08:21:40+00:00,2026-03-09 19:03:40+00:00,1.15361,1.15953,-59.7,-59.7,2.34.129,DEMO,OOS,0.0,0.1,0.1,DEMO_ACCOUNT,0.1,C:\Users\Leon\Desktop\QUANT\Data_Center\Data\2_Baseline\Trades\Backtest\DEMO_ACCOUNT\OOS\listOfTrades_EURUSD_59_2.34.129_SELL_M15_OOS.csv,0.1,7.0,70.0,-4179.0,0.0,-4179.0,7.0,7.0,41741.0
1926,EURUSD,SELL,2026-03-10 04:57:40+00:00,2026-03-10 23:45:00+00:00,1.16196,1.16109,8.2,8.2,2.34.129,DEMO,OOS,0.0,0.1,0.1,DEMO_ACCOUNT,0.1,C:\Users\Leon\Desktop\QUANT\Data_Center\Data\2_Baseline\Trades\Backtest\DEMO_ACCOUNT\OOS\listOfTrades_EURUSD_59_2.34.129_SELL_M15_OOS.csv,0.1,7.0,70.0,574.0,0.0,574.0,7.0,7.0,42315.0
1928,EURUSD,SELL,2026-03-11 04:00:40+00:00,2026-03-11 12:04:20+00:00,1.16197,1.15918,27.4,27.4,2.34.129,DEMO,OOS,0.0,0.1,0.1,DEMO_ACCOUNT,0.1,C:\Users\Leon\Desktop\QUANT\Data_Center\Data\2_Baseline\Trades\Backtest\DEMO_ACCOUNT\OOS\listOfTrades_EURUSD_59_2.34.129_SELL_M15_OOS.csv,0.1,7.0,70.0,1918.0,0.0,1918.0,7.0,7.0,44233.0
