position_id,symbol,direction,open_time_utc,close_time_utc,entry_price,exit_price,profit_sum,net_sum,strategy_id,account_type,sample_type,commission_sum,volume_in,volume_out,account_group,base_lot_detected,source_file,base_lot,target_lot,lot_scale_factor,scaled_profit_sum,scaled_commission_sum,scaled_net_sum,scaled_volume_in,scaled_volume_out,scaled_cumulative_net_sum
988,XAUUSD,BUY,2024-07-02 03:15:00+00:00,2024-07-02 14:41:40+00:00,2333.64,2322.09,-115.82,-115.82,2.13.130,LIVE,OOS,0.0,0.1,0.1,LIVE_ACCOUNT,0.1,C:\Users\Leon\Desktop\QUANT\Data_Center\Data\2_Baseline\Trades\Backtest\LIVE_ACCOUNT\OOS\listOfTrades_XAUUSD_45_2.13.130_BUY_M15_OOS.csv,0.1,10.0,100.0,-11582.0,0.0,-11582.0,10.0,10.0,-11582.0
990,XAUUSD,BUY,2024-07-03 15:15:00+00:00,2024-07-03 16:45:20+00:00,2346.51,2357.91,113.67,113.67,2.13.130,LIVE,OOS,0.0,0.1,0.1,LIVE_ACCOUNT,0.1,C:\Users\Leon\Desktop\QUANT\Data_Center\Data\2_Baseline\Trades\Backtest\LIVE_ACCOUNT\OOS\listOfTrades_XAUUSD_45_2.13.130_BUY_M15_OOS.csv,0.1,10.0,100.0,11367.0,0.0,11367.0,10.0,10.0,-215.0
992,XAUUSD,BUY,2024-07-04 04:30:00+00:00,2024-07-05 01:05:00+00:00,2361.73,2356.82,-59.03,-59.03,2.13.130,LIVE,OOS,0.0,0.1,0.1,LIVE_ACCOUNT,0.1,C:\Users\Leon\Desktop\QUANT\Data_Center\Data\2_Baseline\Trades\Backtest\LIVE_ACCOUNT\OOS\listOfTrades_XAUUSD_45_2.13.130_BUY_M15_OOS.csv,0.1,10.0,100.0,-5903.0,0.0,-5903.0,10.0,10.0,-6118.0
994,XAUUSD,BUY,2024-07-05 04:15:00+00:00,2024-07-05 15:32:40+00:00,2359.86,2371.26,113.66,113.66,2.13.130,LIVE,OOS,0.0,0.1,0.1,LIVE_ACCOUNT,0.1,C:\Users\Leon\Desktop\QUANT\Data_Center\Data\2_Baseline\Trades\Backtest\LIVE_ACCOUNT\OOS\listOfTrades_XAUUSD_45_2.13.130_BUY_M15_OOS.csv,0.1,10.0,100.0,11366.0,0.0,11366.0,10.0,10.0,5248.0
996,XAUUSD,BUY,2024-07-09 07:00:00+00:00,2024-07-09 15:26:40+00:00,2367.88,2356.33,-115.83,-115.83,2.13.130,LIVE,OOS,0.0,0.1,0.1,LIVE_ACCOUNT,0.1,C:\Users\Leon\Desktop\QUANT\Data_Center\Data\2_Baseline\Trades\Backtest\LIVE_ACCOUNT\OOS\listOfTrades_XAUUSD_45_2.13.130_BUY_M15_OOS.csv,0.1,10.0,100.0,-11583.0,0.0,-11583.0,10.0,10.0,-6335.0
998,XAUUSD,BUY,2024-07-10 03:30:00+00:00,2024-07-10 14:48:40+00:00,2366.32,2377.72,113.66,113.66,2.13.130,LIVE,OOS,0.0,0.1,0.1,LIVE_ACCOUNT,0.1,C:\Users\Leon\Desktop\QUANT\Data_Center\Data\2_Baseline\Trades\Backtest\LIVE_ACCOUNT\OOS\listOfTrades_XAUUSD_45_2.13.130_BUY_M15_OOS.csv,0.1,10.0,100.0,11366.0,0.0,11366.0,10.0,10.0,5031.0
1000,XAUUSD,BUY,2024-07-11 05:00:00+00:00,2024-07-11 15:30:40+00:00,2376.07,2387.47,113.66,113.66,2.13.130,LIVE,OOS,0.0,0.1,0.1,LIVE_ACCOUNT,0.1,C:\Users\Leon\Desktop\QUANT\Data_Center\Data\2_Baseline\Trades\Backtest\LIVE_ACCOUNT\OOS\listOfTrades_XAUUSD_45_2.13.130_BUY_M15_OOS.csv,0.1,10.0,100.0,11366.0,0.0,11366.0,10.0,10.0,16397.0
1002,XAUUSD,BUY,2024-07-12 18:15:00+00:00,2024-07-12 23:45:00+00:00,2411.96,2411.73,-2.64,-2.64,2.13.130,LIVE,OOS,0.0,0.1,0.1,LIVE_ACCOUNT,0.1,C:\Users\Leon\Desktop\QUANT\Data_Center\Data\2_Baseline\Trades\Backtest\LIVE_ACCOUNT\OOS\listOfTrades_XAUUSD_45_2.13.130_BUY_M15_OOS.csv,0.1,10.0,100.0,-264.0,0.0,-264.0,10.0,10.0,16133.0
1004,XAUUSD,BUY,2024-07-16 04:45:00+00:00,2024-07-16 10:24:40+00:00,2425.29,2436.69,113.66,113.66,2.13.130,LIVE,OOS,0.0,0.1,0.1,LIVE_ACCOUNT,0.1,C:\Users\Leon\Desktop\QUANT\Data_Center\Data\2_Baseline\Trades\Backtest\LIVE_ACCOUNT\OOS\listOfTrades_XAUUSD_45_2.13.130_BUY_M15_OOS.csv,0.1,10.0,100.0,11366.0,0.0,11366.0,10.0,10.0,27499.0
1006,XAUUSD,BUY,2024-07-17 03:45:00+00:00,2024-07-17 17:57:40+00:00,2472.83,2461.28,-115.84,-115.84,2.13.130,LIVE,OOS,0.0,0.1,0.1,LIVE_ACCOUNT,0.1,C:\Users\Leon\Desktop\QUANT\Data_Center\Data\2_Baseline\Trades\Backtest\LIVE_ACCOUNT\OOS\listOfTrades_XAUUSD_45_2.13.130_BUY_M15_OOS.csv,0.1,10.0,100.0,-11584.0,0.0,-11584.0,10.0,10.0,15915.0
1008,XAUUSD,BUY,2024-07-18 06:00:00+00:00,2024-07-18 20:03:40+00:00,2465.8,2454.25,-115.84,-115.84,2.13.130,LIVE,OOS,0.0,0.1,0.1,LIVE_ACCOUNT,0.1,C:\Users\Leon\Desktop\QUANT\Data_Center\Data\2_Baseline\Trades\Backtest\LIVE_ACCOUNT\OOS\listOfTrades_XAUUSD_45_2.13.130_BUY_M15_OOS.csv,0.1,10.0,100.0,-11584.0,0.0,-11584.0,10.0,10.0,4331.0
1010,XAUUSD,BUY,2024-07-23 03:45:00+00:00,2024-07-23 14:19:40+00:00,2398.44,2409.84,113.66,113.66,2.13.130,LIVE,OOS,0.0,0.1,0.1,LIVE_ACCOUNT,0.1,C:\Users\Leon\Desktop\QUANT\Data_Center\Data\2_Baseline\Trades\Backtest\LIVE_ACCOUNT\OOS\listOfTrades_XAUUSD_45_2.13.130_BUY_M15_OOS.csv,0.1,10.0,100.0,11366.0,0.0,11366.0,10.0,10.0,15697.0
1012,XAUUSD,BUY,2024-07-24 01:45:00+00:00,2024-07-24 15:33:40+00:00,2408.96,2420.36,113.66,113.66,2.13.130,LIVE,OOS,0.0,0.1,0.1,LIVE_ACCOUNT,0.1,C:\Users\Leon\Desktop\QUANT\Data_Center\Data\2_Baseline\Trades\Backtest\LIVE_ACCOUNT\OOS\listOfTrades_XAUUSD_45_2.13.130_BUY_M15_OOS.csv,0.1,10.0,100.0,11366.0,0.0,11366.0,10.0,10.0,27063.0
1014,XAUUSD,BUY,2024-07-26 04:45:00+00:00,2024-07-26 16:44:40+00:00,2369.9,2381.3,113.66,113.66,2.13.130,LIVE,OOS,0.0,0.1,0.1,LIVE_ACCOUNT,0.1,C:\Users\Leon\Desktop\QUANT\Data_Center\Data\2_Baseline\Trades\Backtest\LIVE_ACCOUNT\OOS\listOfTrades_XAUUSD_45_2.13.130_BUY_M15_OOS.csv,0.1,10.0,100.0,11366.0,0.0,11366.0,10.0,10.0,38429.0
1016,XAUUSD,BUY,2024-07-30 06:45:00+00:00,2024-07-30 16:33:40+00:00,2385.0,2396.4,113.66,113.66,2.13.130,LIVE,OOS,0.0,0.1,0.1,LIVE_ACCOUNT,0.1,C:\Users\Leon\Desktop\QUANT\Data_Center\Data\2_Baseline\Trades\Backtest\LIVE_ACCOUNT\OOS\listOfTrades_XAUUSD_45_2.13.130_BUY_M15_OOS.csv,0.1,10.0,100.0,11366.0,0.0,11366.0,10.0,10.0,49795.0
1018,XAUUSD,BUY,2024-07-31 03:45:00+00:00,2024-07-31 07:58:40+00:00,2409.33,2420.73,113.66,113.66,2.13.130,LIVE,OOS,0.0,0.1,0.1,LIVE_ACCOUNT,0.1,C:\Users\Leon\Desktop\QUANT\Data_Center\Data\2_Baseline\Trades\Backtest\LIVE_ACCOUNT\OOS\listOfTrades_XAUUSD_45_2.13.130_BUY_M15_OOS.csv,0.1,10.0,100.0,11366.0,0.0,11366.0,10.0,10.0,61161.0
1020,XAUUSD,BUY,2024-08-01 15:15:00+00:00,2024-08-01 16:26:40+00:00,2443.39,2454.79,113.66,113.66,2.13.130,LIVE,OOS,0.0,0.1,0.1,LIVE_ACCOUNT,0.1,C:\Users\Leon\Desktop\QUANT\Data_Center\Data\2_Baseline\Trades\Backtest\LIVE_ACCOUNT\OOS\listOfTrades_XAUUSD_45_2.13.130_BUY_M15_OOS.csv,0.1,10.0,100.0,11366.0,0.0,11366.0,10.0,10.0,72527.0
1022,XAUUSD,BUY,2024-08-02 03:30:00+00:00,2024-08-02 04:14:40+00:00,2449.6,2438.05,-115.84,-115.84,2.13.130,LIVE,OOS,0.0,0.1,0.1,LIVE_ACCOUNT,0.1,C:\Users\Leon\Desktop\QUANT\Data_Center\Data\2_Baseline\Trades\Backtest\LIVE_ACCOUNT\OOS\listOfTrades_XAUUSD_45_2.13.130_BUY_M15_OOS.csv,0.1,10.0,100.0,-11584.0,0.0,-11584.0,10.0,10.0,60943.0
1024,XAUUSD,BUY,2024-08-06 03:45:00+00:00,2024-08-06 08:46:40+00:00,2415.69,2404.14,-115.84,-115.84,2.13.130,LIVE,OOS,0.0,0.1,0.1,LIVE_ACCOUNT,0.1,C:\Users\Leon\Desktop\QUANT\Data_Center\Data\2_Baseline\Trades\Backtest\LIVE_ACCOUNT\OOS\listOfTrades_XAUUSD_45_2.13.130_BUY_M15_OOS.csv,0.1,10.0,100.0,-11584.0,0.0,-11584.0,10.0,10.0,49359.0
1026,XAUUSD,BUY,2024-08-07 07:30:00+00:00,2024-08-07 15:05:40+00:00,2392.15,2403.55,113.66,113.66,2.13.130,LIVE,OOS,0.0,0.1,0.1,LIVE_ACCOUNT,0.1,C:\Users\Leon\Desktop\QUANT\Data_Center\Data\2_Baseline\Trades\Backtest\LIVE_ACCOUNT\OOS\listOfTrades_XAUUSD_45_2.13.130_BUY_M15_OOS.csv,0.1,10.0,100.0,11366.0,0.0,11366.0,10.0,10.0,60725.0
1028,XAUUSD,BUY,2024-08-08 06:45:00+00:00,2024-08-08 13:43:40+00:00,2391.96,2403.36,113.66,113.66,2.13.130,LIVE,OOS,0.0,0.1,0.1,LIVE_ACCOUNT,0.1,C:\Users\Leon\Desktop\QUANT\Data_Center\Data\2_Baseline\Trades\Backtest\LIVE_ACCOUNT\OOS\listOfTrades_XAUUSD_45_2.13.130_BUY_M15_OOS.csv,0.1,10.0,100.0,11366.0,0.0,11366.0,10.0,10.0,72091.0
1030,XAUUSD,BUY,2024-08-09 02:00:00+00:00,2024-08-09 23:45:00+00:00,2426.0,2430.46,44.26,44.26,2.13.130,LIVE,OOS,0.0,0.1,0.1,LIVE_ACCOUNT,0.1,C:\Users\Leon\Desktop\QUANT\Data_Center\Data\2_Baseline\Trades\Backtest\LIVE_ACCOUNT\OOS\listOfTrades_XAUUSD_45_2.13.130_BUY_M15_OOS.csv,0.1,10.0,100.0,4426.0,0.0,4426.0,10.0,10.0,76517.0
1032,XAUUSD,BUY,2024-08-13 15:15:00+00:00,2024-08-13 23:45:00+00:00,2466.13,2465.55,-6.14,-6.14,2.13.130,LIVE,OOS,0.0,0.1,0.1,LIVE_ACCOUNT,0.1,C:\Users\Leon\Desktop\QUANT\Data_Center\Data\2_Baseline\Trades\Backtest\LIVE_ACCOUNT\OOS\listOfTrades_XAUUSD_45_2.13.130_BUY_M15_OOS.csv,0.1,10.0,100.0,-614.0,0.0,-614.0,10.0,10.0,75903.0
1034,XAUUSD,BUY,2024-08-14 04:30:00+00:00,2024-08-14 05:31:40+00:00,2471.26,2459.71,-115.84,-115.84,2.13.130,LIVE,OOS,0.0,0.1,0.1,LIVE_ACCOUNT,0.1,C:\Users\Leon\Desktop\QUANT\Data_Center\Data\2_Baseline\Trades\Backtest\LIVE_ACCOUNT\OOS\listOfTrades_XAUUSD_45_2.13.130_BUY_M15_OOS.csv,0.1,10.0,100.0,-11584.0,0.0,-11584.0,10.0,10.0,64319.0
1036,XAUUSD,BUY,2024-08-15 03:45:00+00:00,2024-08-15 15:07:40+00:00,2453.98,2465.38,113.66,113.66,2.13.130,LIVE,OOS,0.0,0.1,0.1,LIVE_ACCOUNT,0.1,C:\Users\Leon\Desktop\QUANT\Data_Center\Data\2_Baseline\Trades\Backtest\LIVE_ACCOUNT\OOS\listOfTrades_XAUUSD_45_2.13.130_BUY_M15_OOS.csv,0.1,10.0,100.0,11366.0,0.0,11366.0,10.0,10.0,75685.0
1038,XAUUSD,BUY,2024-08-16 11:00:00+00:00,2024-08-16 15:03:40+00:00,2462.15,2473.55,113.66,113.66,2.13.130,LIVE,OOS,0.0,0.1,0.1,LIVE_ACCOUNT,0.1,C:\Users\Leon\Desktop\QUANT\Data_Center\Data\2_Baseline\Trades\Backtest\LIVE_ACCOUNT\OOS\listOfTrades_XAUUSD_45_2.13.130_BUY_M15_OOS.csv,0.1,10.0,100.0,11366.0,0.0,11366.0,10.0,10.0,87051.0
1040,XAUUSD,BUY,2024-08-20 03:45:00+00:00,2024-08-20 11:04:20+00:00,2506.28,2517.68,113.64,113.64,2.13.130,LIVE,OOS,0.0,0.1,0.1,LIVE_ACCOUNT,0.1,C:\Users\Leon\Desktop\QUANT\Data_Center\Data\2_Baseline\Trades\Backtest\LIVE_ACCOUNT\OOS\listOfTrades_XAUUSD_45_2.13.130_BUY_M15_OOS.csv,0.1,10.0,100.0,11364.0,0.0,11364.0,10.0,10.0,98415.0
1042,XAUUSD,BUY,2024-08-21 05:15:00+00:00,2024-08-21 10:46:20+00:00,2519.84,2508.29,-115.86,-115.86,2.13.130,LIVE,OOS,0.0,0.1,0.1,LIVE_ACCOUNT,0.1,C:\Users\Leon\Desktop\QUANT\Data_Center\Data\2_Baseline\Trades\Backtest\LIVE_ACCOUNT\OOS\listOfTrades_XAUUSD_45_2.13.130_BUY_M15_OOS.csv,0.1,10.0,100.0,-11586.0,0.0,-11586.0,10.0,10.0,86829.0
1044,XAUUSD,BUY,2024-08-22 09:30:00+00:00,2024-08-22 14:38:40+00:00,2510.6,2499.05,-115.85,-115.85,2.13.130,LIVE,OOS,0.0,0.1,0.1,LIVE_ACCOUNT,0.1,C:\Users\Leon\Desktop\QUANT\Data_Center\Data\2_Baseline\Trades\Backtest\LIVE_ACCOUNT\OOS\listOfTrades_XAUUSD_45_2.13.130_BUY_M15_OOS.csv,0.1,10.0,100.0,-11585.0,0.0,-11585.0,10.0,10.0,75244.0
1046,XAUUSD,BUY,2024-08-23 03:45:00+00:00,2024-08-23 12:21:40+00:00,2489.74,2501.14,113.65,113.65,2.13.130,LIVE,OOS,0.0,0.1,0.1,LIVE_ACCOUNT,0.1,C:\Users\Leon\Desktop\QUANT\Data_Center\Data\2_Baseline\Trades\Backtest\LIVE_ACCOUNT\OOS\listOfTrades_XAUUSD_45_2.13.130_BUY_M15_OOS.csv,0.1,10.0,100.0,11365.0,0.0,11365.0,10.0,10.0,86609.0
1048,XAUUSD,BUY,2024-09-03 10:30:00+00:00,2024-09-03 14:49:40+00:00,2500.55,2489.0,-115.85,-115.85,2.13.130,LIVE,OOS,0.0,0.1,0.1,LIVE_ACCOUNT,0.1,C:\Users\Leon\Desktop\QUANT\Data_Center\Data\2_Baseline\Trades\Backtest\LIVE_ACCOUNT\OOS\listOfTrades_XAUUSD_45_2.13.130_BUY_M15_OOS.csv,0.1,10.0,100.0,-11585.0,0.0,-11585.0,10.0,10.0,75024.0
1050,XAUUSD,BUY,2024-09-04 05:45:00+00:00,2024-09-04 09:55:40+00:00,2495.94,2484.39,-115.84,-115.84,2.13.130,LIVE,OOS,0.0,0.1,0.1,LIVE_ACCOUNT,0.1,C:\Users\Leon\Desktop\QUANT\Data_Center\Data\2_Baseline\Trades\Backtest\LIVE_ACCOUNT\OOS\listOfTrades_XAUUSD_45_2.13.130_BUY_M15_OOS.csv,0.1,10.0,100.0,-11584.0,0.0,-11584.0,10.0,10.0,63440.0
1052,XAUUSD,BUY,2024-09-05 04:30:00+00:00,2024-09-05 11:16:20+00:00,2498.17,2509.57,113.65,113.65,2.13.130,LIVE,OOS,0.0,0.1,0.1,LIVE_ACCOUNT,0.1,C:\Users\Leon\Desktop\QUANT\Data_Center\Data\2_Baseline\Trades\Backtest\LIVE_ACCOUNT\OOS\listOfTrades_XAUUSD_45_2.13.130_BUY_M15_OOS.csv,0.1,10.0,100.0,11365.0,0.0,11365.0,10.0,10.0,74805.0
1054,XAUUSD,BUY,2024-09-06 02:15:00+00:00,2024-09-06 15:36:40+00:00,2517.23,2528.63,113.64,113.64,2.13.130,LIVE,OOS,0.0,0.1,0.1,LIVE_ACCOUNT,0.1,C:\Users\Leon\Desktop\QUANT\Data_Center\Data\2_Baseline\Trades\Backtest\LIVE_ACCOUNT\OOS\listOfTrades_XAUUSD_45_2.13.130_BUY_M15_OOS.csv,0.1,10.0,100.0,11364.0,0.0,11364.0,10.0,10.0,86169.0
1056,XAUUSD,BUY,2024-09-10 01:30:00+00:00,2024-09-10 18:36:20+00:00,2506.85,2518.25,113.64,113.64,2.13.130,LIVE,OOS,0.0,0.1,0.1,LIVE_ACCOUNT,0.1,C:\Users\Leon\Desktop\QUANT\Data_Center\Data\2_Baseline\Trades\Backtest\LIVE_ACCOUNT\OOS\listOfTrades_XAUUSD_45_2.13.130_BUY_M15_OOS.csv,0.1,10.0,100.0,11364.0,0.0,11364.0,10.0,10.0,97533.0
1058,XAUUSD,BUY,2024-09-11 02:15:00+00:00,2024-09-11 15:38:40+00:00,2517.57,2506.02,-115.86,-115.86,2.13.130,LIVE,OOS,0.0,0.1,0.1,LIVE_ACCOUNT,0.1,C:\Users\Leon\Desktop\QUANT\Data_Center\Data\2_Baseline\Trades\Backtest\LIVE_ACCOUNT\OOS\listOfTrades_XAUUSD_45_2.13.130_BUY_M15_OOS.csv,0.1,10.0,100.0,-11586.0,0.0,-11586.0,10.0,10.0,85947.0
1060,XAUUSD,BUY,2024-09-12 07:00:00+00:00,2024-09-12 15:40:40+00:00,2516.06,2527.46,113.64,113.64,2.13.130,LIVE,OOS,0.0,0.1,0.1,LIVE_ACCOUNT,0.1,C:\Users\Leon\Desktop\QUANT\Data_Center\Data\2_Baseline\Trades\Backtest\LIVE_ACCOUNT\OOS\listOfTrades_XAUUSD_45_2.13.130_BUY_M15_OOS.csv,0.1,10.0,100.0,11364.0,0.0,11364.0,10.0,10.0,97311.0
1062,XAUUSD,BUY,2024-09-13 11:00:00+00:00,2024-09-13 16:35:40+00:00,2569.9,2581.3,113.64,113.64,2.13.130,LIVE,OOS,0.0,0.1,0.1,LIVE_ACCOUNT,0.1,C:\Users\Leon\Desktop\QUANT\Data_Center\Data\2_Baseline\Trades\Backtest\LIVE_ACCOUNT\OOS\listOfTrades_XAUUSD_45_2.13.130_BUY_M15_OOS.csv,0.1,10.0,100.0,11364.0,0.0,11364.0,10.0,10.0,108675.0
1064,XAUUSD,BUY,2024-09-17 05:15:00+00:00,2024-09-17 12:42:40+00:00,2585.24,2573.69,-115.86,-115.86,2.13.130,LIVE,OOS,0.0,0.1,0.1,LIVE_ACCOUNT,0.1,C:\Users\Leon\Desktop\QUANT\Data_Center\Data\2_Baseline\Trades\Backtest\LIVE_ACCOUNT\OOS\listOfTrades_XAUUSD_45_2.13.130_BUY_M15_OOS.csv,0.1,10.0,100.0,-11586.0,0.0,-11586.0,10.0,10.0,97089.0
1066,XAUUSD,BUY,2024-09-18 02:45:00+00:00,2024-09-18 21:00:40+00:00,2574.21,2585.61,113.64,113.64,2.13.130,LIVE,OOS,0.0,0.1,0.1,LIVE_ACCOUNT,0.1,C:\Users\Leon\Desktop\QUANT\Data_Center\Data\2_Baseline\Trades\Backtest\LIVE_ACCOUNT\OOS\listOfTrades_XAUUSD_45_2.13.130_BUY_M15_OOS.csv,0.1,10.0,100.0,11364.0,0.0,11364.0,10.0,10.0,108453.0
1068,XAUUSD,BUY,2024-09-19 08:30:00+00:00,2024-09-19 10:28:20+00:00,2568.82,2580.22,113.64,113.64,2.13.130,LIVE,OOS,0.0,0.1,0.1,LIVE_ACCOUNT,0.1,C:\Users\Leon\Desktop\QUANT\Data_Center\Data\2_Baseline\Trades\Backtest\LIVE_ACCOUNT\OOS\listOfTrades_XAUUSD_45_2.13.130_BUY_M15_OOS.csv,0.1,10.0,100.0,11364.0,0.0,11364.0,10.0,10.0,119817.0
1070,XAUUSD,BUY,2024-09-20 05:45:00+00:00,2024-09-20 09:49:40+00:00,2591.17,2602.57,113.64,113.64,2.13.130,LIVE,OOS,0.0,0.1,0.1,LIVE_ACCOUNT,0.1,C:\Users\Leon\Desktop\QUANT\Data_Center\Data\2_Baseline\Trades\Backtest\LIVE_ACCOUNT\OOS\listOfTrades_XAUUSD_45_2.13.130_BUY_M15_OOS.csv,0.1,10.0,100.0,11364.0,0.0,11364.0,10.0,10.0,131181.0
1072,XAUUSD,BUY,2024-09-24 04:15:00+00:00,2024-09-24 17:44:40+00:00,2629.2,2640.6,113.64,113.64,2.13.130,LIVE,OOS,0.0,0.1,0.1,LIVE_ACCOUNT,0.1,C:\Users\Leon\Desktop\QUANT\Data_Center\Data\2_Baseline\Trades\Backtest\LIVE_ACCOUNT\OOS\listOfTrades_XAUUSD_45_2.13.130_BUY_M15_OOS.csv,0.1,10.0,100.0,11364.0,0.0,11364.0,10.0,10.0,142545.0
1074,XAUUSD,BUY,2024-09-25 01:15:00+00:00,2024-09-25 05:59:40+00:00,2658.29,2669.69,113.62,113.62,2.13.130,LIVE,OOS,0.0,0.1,0.1,LIVE_ACCOUNT,0.1,C:\Users\Leon\Desktop\QUANT\Data_Center\Data\2_Baseline\Trades\Backtest\LIVE_ACCOUNT\OOS\listOfTrades_XAUUSD_45_2.13.130_BUY_M15_OOS.csv,0.1,10.0,100.0,11362.0,0.0,11362.0,10.0,10.0,153907.0
1076,XAUUSD,BUY,2024-09-26 11:00:00+00:00,2024-09-26 14:01:40+00:00,2664.81,2676.21,113.62,113.62,2.13.130,LIVE,OOS,0.0,0.1,0.1,LIVE_ACCOUNT,0.1,C:\Users\Leon\Desktop\QUANT\Data_Center\Data\2_Baseline\Trades\Backtest\LIVE_ACCOUNT\OOS\listOfTrades_XAUUSD_45_2.13.130_BUY_M15_OOS.csv,0.1,10.0,100.0,11362.0,0.0,11362.0,10.0,10.0,165269.0
1078,XAUUSD,BUY,2024-09-27 15:45:00+00:00,2024-09-27 17:22:40+00:00,2671.86,2660.31,-115.88,-115.88,2.13.130,LIVE,OOS,0.0,0.1,0.1,LIVE_ACCOUNT,0.1,C:\Users\Leon\Desktop\QUANT\Data_Center\Data\2_Baseline\Trades\Backtest\LIVE_ACCOUNT\OOS\listOfTrades_XAUUSD_45_2.13.130_BUY_M15_OOS.csv,0.1,10.0,100.0,-11588.0,0.0,-11588.0,10.0,10.0,153681.0
1080,XAUUSD,BUY,2024-10-01 04:45:00+00:00,2024-10-01 13:07:40+00:00,2638.45,2649.85,113.63,113.63,2.13.130,LIVE,OOS,0.0,0.1,0.1,LIVE_ACCOUNT,0.1,C:\Users\Leon\Desktop\QUANT\Data_Center\Data\2_Baseline\Trades\Backtest\LIVE_ACCOUNT\OOS\listOfTrades_XAUUSD_45_2.13.130_BUY_M15_OOS.csv,0.1,10.0,100.0,11363.0,0.0,11363.0,10.0,10.0,165044.0
1082,XAUUSD,BUY,2024-10-02 16:30:00+00:00,2024-10-02 18:00:40+00:00,2658.07,2646.52,-115.88,-115.88,2.13.130,LIVE,OOS,0.0,0.1,0.1,LIVE_ACCOUNT,0.1,C:\Users\Leon\Desktop\QUANT\Data_Center\Data\2_Baseline\Trades\Backtest\LIVE_ACCOUNT\OOS\listOfTrades_XAUUSD_45_2.13.130_BUY_M15_OOS.csv,0.1,10.0,100.0,-11588.0,0.0,-11588.0,10.0,10.0,153456.0
1084,XAUUSD,BUY,2024-10-03 19:45:00+00:00,2024-10-03 23:45:00+00:00,2658.95,2656.47,-25.18,-25.18,2.13.130,LIVE,OOS,0.0,0.1,0.1,LIVE_ACCOUNT,0.1,C:\Users\Leon\Desktop\QUANT\Data_Center\Data\2_Baseline\Trades\Backtest\LIVE_ACCOUNT\OOS\listOfTrades_XAUUSD_45_2.13.130_BUY_M15_OOS.csv,0.1,10.0,100.0,-2518.0,0.0,-2518.0,10.0,10.0,150938.0
1086,XAUUSD,BUY,2024-10-04 05:15:00+00:00,2024-10-04 15:30:40+00:00,2658.81,2647.26,-115.88,-115.88,2.13.130,LIVE,OOS,0.0,0.1,0.1,LIVE_ACCOUNT,0.1,C:\Users\Leon\Desktop\QUANT\Data_Center\Data\2_Baseline\Trades\Backtest\LIVE_ACCOUNT\OOS\listOfTrades_XAUUSD_45_2.13.130_BUY_M15_OOS.csv,0.1,10.0,100.0,-11588.0,0.0,-11588.0,10.0,10.0,139350.0
1088,XAUUSD,BUY,2024-10-10 05:45:00+00:00,2024-10-10 15:30:20+00:00,2614.32,2602.77,-115.86,-115.86,2.13.130,LIVE,OOS,0.0,0.1,0.1,LIVE_ACCOUNT,0.1,C:\Users\Leon\Desktop\QUANT\Data_Center\Data\2_Baseline\Trades\Backtest\LIVE_ACCOUNT\OOS\listOfTrades_XAUUSD_45_2.13.130_BUY_M15_OOS.csv,0.1,10.0,100.0,-11586.0,0.0,-11586.0,10.0,10.0,127764.0
1090,XAUUSD,BUY,2024-10-11 02:30:00+00:00,2024-10-11 05:52:40+00:00,2632.57,2643.97,113.63,113.63,2.13.130,LIVE,OOS,0.0,0.1,0.1,LIVE_ACCOUNT,0.1,C:\Users\Leon\Desktop\QUANT\Data_Center\Data\2_Baseline\Trades\Backtest\LIVE_ACCOUNT\OOS\listOfTrades_XAUUSD_45_2.13.130_BUY_M15_OOS.csv,0.1,10.0,100.0,11363.0,0.0,11363.0,10.0,10.0,139127.0
1092,XAUUSD,BUY,2024-10-15 10:30:00+00:00,2024-10-15 17:49:40+00:00,2652.22,2663.62,113.62,113.62,2.13.130,LIVE,OOS,0.0,0.1,0.1,LIVE_ACCOUNT,0.1,C:\Users\Leon\Desktop\QUANT\Data_Center\Data\2_Baseline\Trades\Backtest\LIVE_ACCOUNT\OOS\listOfTrades_XAUUSD_45_2.13.130_BUY_M15_OOS.csv,0.1,10.0,100.0,11362.0,0.0,11362.0,10.0,10.0,150489.0
1094,XAUUSD,BUY,2024-10-16 04:45:00+00:00,2024-10-16 09:26:40+00:00,2665.25,2676.65,113.62,113.62,2.13.130,LIVE,OOS,0.0,0.1,0.1,LIVE_ACCOUNT,0.1,C:\Users\Leon\Desktop\QUANT\Data_Center\Data\2_Baseline\Trades\Backtest\LIVE_ACCOUNT\OOS\listOfTrades_XAUUSD_45_2.13.130_BUY_M15_OOS.csv,0.1,10.0,100.0,11362.0,0.0,11362.0,10.0,10.0,161851.0
1096,XAUUSD,BUY,2024-10-17 03:45:00+00:00,2024-10-17 13:43:20+00:00,2676.78,2688.18,113.62,113.62,2.13.130,LIVE,OOS,0.0,0.1,0.1,LIVE_ACCOUNT,0.1,C:\Users\Leon\Desktop\QUANT\Data_Center\Data\2_Baseline\Trades\Backtest\LIVE_ACCOUNT\OOS\listOfTrades_XAUUSD_45_2.13.130_BUY_M15_OOS.csv,0.1,10.0,100.0,11362.0,0.0,11362.0,10.0,10.0,173213.0
1098,XAUUSD,BUY,2024-10-18 03:30:00+00:00,2024-10-18 04:49:40+00:00,2694.68,2706.08,113.62,113.62,2.13.130,LIVE,OOS,0.0,0.1,0.1,LIVE_ACCOUNT,0.1,C:\Users\Leon\Desktop\QUANT\Data_Center\Data\2_Baseline\Trades\Backtest\LIVE_ACCOUNT\OOS\listOfTrades_XAUUSD_45_2.13.130_BUY_M15_OOS.csv,0.1,10.0,100.0,11362.0,0.0,11362.0,10.0,10.0,184575.0
1100,XAUUSD,BUY,2024-10-22 04:15:00+00:00,2024-10-22 09:27:40+00:00,2725.26,2736.66,113.62,113.62,2.13.130,LIVE,OOS,0.0,0.1,0.1,LIVE_ACCOUNT,0.1,C:\Users\Leon\Desktop\QUANT\Data_Center\Data\2_Baseline\Trades\Backtest\LIVE_ACCOUNT\OOS\listOfTrades_XAUUSD_45_2.13.130_BUY_M15_OOS.csv,0.1,10.0,100.0,11362.0,0.0,11362.0,10.0,10.0,195937.0
1102,XAUUSD,BUY,2024-10-23 07:15:00+00:00,2024-10-23 16:16:40+00:00,2748.15,2736.6,-115.88,-115.88,2.13.130,LIVE,OOS,0.0,0.1,0.1,LIVE_ACCOUNT,0.1,C:\Users\Leon\Desktop\QUANT\Data_Center\Data\2_Baseline\Trades\Backtest\LIVE_ACCOUNT\OOS\listOfTrades_XAUUSD_45_2.13.130_BUY_M15_OOS.csv,0.1,10.0,100.0,-11588.0,0.0,-11588.0,10.0,10.0,184349.0
1104,XAUUSD,BUY,2024-10-24 04:30:00+00:00,2024-10-24 12:04:40+00:00,2726.64,2738.04,113.62,113.62,2.13.130,LIVE,OOS,0.0,0.1,0.1,LIVE_ACCOUNT,0.1,C:\Users\Leon\Desktop\QUANT\Data_Center\Data\2_Baseline\Trades\Backtest\LIVE_ACCOUNT\OOS\listOfTrades_XAUUSD_45_2.13.130_BUY_M15_OOS.csv,0.1,10.0,100.0,11362.0,0.0,11362.0,10.0,10.0,195711.0
1106,XAUUSD,BUY,2024-10-25 16:00:00+00:00,2024-10-25 20:51:40+00:00,2731.68,2743.08,113.62,113.62,2.13.130,LIVE,OOS,0.0,0.1,0.1,LIVE_ACCOUNT,0.1,C:\Users\Leon\Desktop\QUANT\Data_Center\Data\2_Baseline\Trades\Backtest\LIVE_ACCOUNT\OOS\listOfTrades_XAUUSD_45_2.13.130_BUY_M15_OOS.csv,0.1,10.0,100.0,11362.0,0.0,11362.0,10.0,10.0,207073.0
1108,XAUUSD,BUY,2024-10-29 03:45:00+00:00,2024-10-29 05:11:40+00:00,2745.51,2756.91,113.62,113.62,2.13.130,LIVE,OOS,0.0,0.1,0.1,LIVE_ACCOUNT,0.1,C:\Users\Leon\Desktop\QUANT\Data_Center\Data\2_Baseline\Trades\Backtest\LIVE_ACCOUNT\OOS\listOfTrades_XAUUSD_45_2.13.130_BUY_M15_OOS.csv,0.1,10.0,100.0,11362.0,0.0,11362.0,10.0,10.0,218435.0
1110,XAUUSD,BUY,2024-10-30 06:00:00+00:00,2024-10-30 23:45:00+00:00,2780.67,2787.75,70.41,70.41,2.13.130,LIVE,OOS,0.0,0.1,0.1,LIVE_ACCOUNT,0.1,C:\Users\Leon\Desktop\QUANT\Data_Center\Data\2_Baseline\Trades\Backtest\LIVE_ACCOUNT\OOS\listOfTrades_XAUUSD_45_2.13.130_BUY_M15_OOS.csv,0.1,10.0,100.0,7041.0,0.0,7041.0,10.0,10.0,225476.0
1112,XAUUSD,BUY,2024-11-01 07:00:00+00:00,2024-11-01 17:43:40+00:00,2751.94,2740.39,-115.88,-115.88,2.13.130,LIVE,OOS,0.0,0.1,0.1,LIVE_ACCOUNT,0.1,C:\Users\Leon\Desktop\QUANT\Data_Center\Data\2_Baseline\Trades\Backtest\LIVE_ACCOUNT\OOS\listOfTrades_XAUUSD_45_2.13.130_BUY_M15_OOS.csv,0.1,10.0,100.0,-11588.0,0.0,-11588.0,10.0,10.0,213888.0
1114,XAUUSD,BUY,2024-11-05 09:15:00+00:00,2024-11-05 23:45:00+00:00,2740.83,2744.14,32.72,32.72,2.13.130,LIVE,OOS,0.0,0.1,0.1,LIVE_ACCOUNT,0.1,C:\Users\Leon\Desktop\QUANT\Data_Center\Data\2_Baseline\Trades\Backtest\LIVE_ACCOUNT\OOS\listOfTrades_XAUUSD_45_2.13.130_BUY_M15_OOS.csv,0.1,10.0,100.0,3272.0,0.0,3272.0,10.0,10.0,217160.0
1116,XAUUSD,BUY,2024-11-06 02:00:00+00:00,2024-11-06 03:00:40+00:00,2745.88,2734.33,-115.88,-115.88,2.13.130,LIVE,OOS,0.0,0.1,0.1,LIVE_ACCOUNT,0.1,C:\Users\Leon\Desktop\QUANT\Data_Center\Data\2_Baseline\Trades\Backtest\LIVE_ACCOUNT\OOS\listOfTrades_XAUUSD_45_2.13.130_BUY_M15_OOS.csv,0.1,10.0,100.0,-11588.0,0.0,-11588.0,10.0,10.0,205572.0
1118,XAUUSD,BUY,2024-11-07 09:30:00+00:00,2024-11-07 15:07:40+00:00,2665.03,2676.43,113.62,113.62,2.13.130,LIVE,OOS,0.0,0.1,0.1,LIVE_ACCOUNT,0.1,C:\Users\Leon\Desktop\QUANT\Data_Center\Data\2_Baseline\Trades\Backtest\LIVE_ACCOUNT\OOS\listOfTrades_XAUUSD_45_2.13.130_BUY_M15_OOS.csv,0.1,10.0,100.0,11362.0,0.0,11362.0,10.0,10.0,216934.0
1120,XAUUSD,BUY,2024-11-08 16:00:00+00:00,2024-11-08 17:09:40+00:00,2697.74,2686.19,-115.88,-115.88,2.13.130,LIVE,OOS,0.0,0.1,0.1,LIVE_ACCOUNT,0.1,C:\Users\Leon\Desktop\QUANT\Data_Center\Data\2_Baseline\Trades\Backtest\LIVE_ACCOUNT\OOS\listOfTrades_XAUUSD_45_2.13.130_BUY_M15_OOS.csv,0.1,10.0,100.0,-11588.0,0.0,-11588.0,10.0,10.0,205346.0
1122,XAUUSD,BUY,2024-11-12 15:30:00+00:00,2024-11-12 17:29:40+00:00,2614.67,2603.12,-115.86,-115.86,2.13.130,LIVE,OOS,0.0,0.1,0.1,LIVE_ACCOUNT,0.1,C:\Users\Leon\Desktop\QUANT\Data_Center\Data\2_Baseline\Trades\Backtest\LIVE_ACCOUNT\OOS\listOfTrades_XAUUSD_45_2.13.130_BUY_M15_OOS.csv,0.1,10.0,100.0,-11586.0,0.0,-11586.0,10.0,10.0,193760.0
1124,XAUUSD,BUY,2024-11-13 03:15:00+00:00,2024-11-13 15:30:40+00:00,2603.18,2614.58,113.64,113.64,2.13.130,LIVE,OOS,0.0,0.1,0.1,LIVE_ACCOUNT,0.1,C:\Users\Leon\Desktop\QUANT\Data_Center\Data\2_Baseline\Trades\Backtest\LIVE_ACCOUNT\OOS\listOfTrades_XAUUSD_45_2.13.130_BUY_M15_OOS.csv,0.1,10.0,100.0,11364.0,0.0,11364.0,10.0,10.0,205124.0
1126,XAUUSD,BUY,2024-11-14 16:30:00+00:00,2024-11-14 18:18:40+00:00,2563.22,2574.62,113.64,113.64,2.13.130,LIVE,OOS,0.0,0.1,0.1,LIVE_ACCOUNT,0.1,C:\Users\Leon\Desktop\QUANT\Data_Center\Data\2_Baseline\Trades\Backtest\LIVE_ACCOUNT\OOS\listOfTrades_XAUUSD_45_2.13.130_BUY_M15_OOS.csv,0.1,10.0,100.0,11364.0,0.0,11364.0,10.0,10.0,216488.0
1128,XAUUSD,BUY,2024-11-15 13:45:00+00:00,2024-11-15 19:04:40+00:00,2572.21,2560.66,-115.86,-115.86,2.13.130,LIVE,OOS,0.0,0.1,0.1,LIVE_ACCOUNT,0.1,C:\Users\Leon\Desktop\QUANT\Data_Center\Data\2_Baseline\Trades\Backtest\LIVE_ACCOUNT\OOS\listOfTrades_XAUUSD_45_2.13.130_BUY_M15_OOS.csv,0.1,10.0,100.0,-11586.0,0.0,-11586.0,10.0,10.0,204902.0
1130,XAUUSD,BUY,2024-11-19 01:45:00+00:00,2024-11-19 05:04:20+00:00,2612.91,2624.31,113.64,113.64,2.13.130,LIVE,OOS,0.0,0.1,0.1,LIVE_ACCOUNT,0.1,C:\Users\Leon\Desktop\QUANT\Data_Center\Data\2_Baseline\Trades\Backtest\LIVE_ACCOUNT\OOS\listOfTrades_XAUUSD_45_2.13.130_BUY_M15_OOS.csv,0.1,10.0,100.0,11364.0,0.0,11364.0,10.0,10.0,216266.0
1132,XAUUSD,BUY,2024-11-20 02:00:00+00:00,2024-11-20 09:35:40+00:00,2635.33,2623.78,-115.86,-115.86,2.13.130,LIVE,OOS,0.0,0.1,0.1,LIVE_ACCOUNT,0.1,C:\Users\Leon\Desktop\QUANT\Data_Center\Data\2_Baseline\Trades\Backtest\LIVE_ACCOUNT\OOS\listOfTrades_XAUUSD_45_2.13.130_BUY_M15_OOS.csv,0.1,10.0,100.0,-11586.0,0.0,-11586.0,10.0,10.0,204680.0
1134,XAUUSD,BUY,2024-11-21 02:00:00+00:00,2024-11-21 09:29:20+00:00,2652.38,2663.78,113.62,113.62,2.13.130,LIVE,OOS,0.0,0.1,0.1,LIVE_ACCOUNT,0.1,C:\Users\Leon\Desktop\QUANT\Data_Center\Data\2_Baseline\Trades\Backtest\LIVE_ACCOUNT\OOS\listOfTrades_XAUUSD_45_2.13.130_BUY_M15_OOS.csv,0.1,10.0,100.0,11362.0,0.0,11362.0,10.0,10.0,216042.0
1136,XAUUSD,BUY,2024-11-22 02:30:00+00:00,2024-11-22 04:38:40+00:00,2673.21,2684.61,113.62,113.62,2.13.130,LIVE,OOS,0.0,0.1,0.1,LIVE_ACCOUNT,0.1,C:\Users\Leon\Desktop\QUANT\Data_Center\Data\2_Baseline\Trades\Backtest\LIVE_ACCOUNT\OOS\listOfTrades_XAUUSD_45_2.13.130_BUY_M15_OOS.csv,0.1,10.0,100.0,11362.0,0.0,11362.0,10.0,10.0,227404.0
1138,XAUUSD,BUY,2024-11-26 12:15:00+00:00,2024-11-26 15:06:40+00:00,2629.42,2640.82,113.64,113.64,2.13.130,LIVE,OOS,0.0,0.1,0.1,LIVE_ACCOUNT,0.1,C:\Users\Leon\Desktop\QUANT\Data_Center\Data\2_Baseline\Trades\Backtest\LIVE_ACCOUNT\OOS\listOfTrades_XAUUSD_45_2.13.130_BUY_M15_OOS.csv,0.1,10.0,100.0,11364.0,0.0,11364.0,10.0,10.0,238768.0
1140,XAUUSD,BUY,2024-11-27 04:15:00+00:00,2024-11-27 08:55:40+00:00,2634.61,2646.01,113.63,113.63,2.13.130,LIVE,OOS,0.0,0.1,0.1,LIVE_ACCOUNT,0.1,C:\Users\Leon\Desktop\QUANT\Data_Center\Data\2_Baseline\Trades\Backtest\LIVE_ACCOUNT\OOS\listOfTrades_XAUUSD_45_2.13.130_BUY_M15_OOS.csv,0.1,10.0,100.0,11363.0,0.0,11363.0,10.0,10.0,250131.0
1142,XAUUSD,BUY,2024-11-28 08:45:00+00:00,2024-11-28 12:39:40+00:00,2638.06,2649.46,113.63,113.63,2.13.130,LIVE,OOS,0.0,0.1,0.1,LIVE_ACCOUNT,0.1,C:\Users\Leon\Desktop\QUANT\Data_Center\Data\2_Baseline\Trades\Backtest\LIVE_ACCOUNT\OOS\listOfTrades_XAUUSD_45_2.13.130_BUY_M15_OOS.csv,0.1,10.0,100.0,11363.0,0.0,11363.0,10.0,10.0,261494.0
1144,XAUUSD,BUY,2024-11-29 03:30:00+00:00,2024-11-29 04:15:20+00:00,2645.17,2656.57,113.62,113.62,2.13.130,LIVE,OOS,0.0,0.1,0.1,LIVE_ACCOUNT,0.1,C:\Users\Leon\Desktop\QUANT\Data_Center\Data\2_Baseline\Trades\Backtest\LIVE_ACCOUNT\OOS\listOfTrades_XAUUSD_45_2.13.130_BUY_M15_OOS.csv,0.1,10.0,100.0,11362.0,0.0,11362.0,10.0,10.0,272856.0
1146,XAUUSD,BUY,2024-12-10 12:45:00+00:00,2024-12-10 16:27:20+00:00,2673.99,2685.39,113.62,113.62,2.13.130,LIVE,OOS,0.0,0.1,0.1,LIVE_ACCOUNT,0.1,C:\Users\Leon\Desktop\QUANT\Data_Center\Data\2_Baseline\Trades\Backtest\LIVE_ACCOUNT\OOS\listOfTrades_XAUUSD_45_2.13.130_BUY_M15_OOS.csv,0.1,10.0,100.0,11362.0,0.0,11362.0,10.0,10.0,284218.0
1148,XAUUSD,BUY,2024-12-11 05:30:00+00:00,2024-12-11 06:35:40+00:00,2700.44,2688.89,-115.88,-115.88,2.13.130,LIVE,OOS,0.0,0.1,0.1,LIVE_ACCOUNT,0.1,C:\Users\Leon\Desktop\QUANT\Data_Center\Data\2_Baseline\Trades\Backtest\LIVE_ACCOUNT\OOS\listOfTrades_XAUUSD_45_2.13.130_BUY_M15_OOS.csv,0.1,10.0,100.0,-11588.0,0.0,-11588.0,10.0,10.0,272630.0
1150,XAUUSD,BUY,2024-12-12 01:45:00+00:00,2024-12-12 03:30:40+00:00,2719.8,2708.25,-115.88,-115.88,2.13.130,LIVE,OOS,0.0,0.1,0.1,LIVE_ACCOUNT,0.1,C:\Users\Leon\Desktop\QUANT\Data_Center\Data\2_Baseline\Trades\Backtest\LIVE_ACCOUNT\OOS\listOfTrades_XAUUSD_45_2.13.130_BUY_M15_OOS.csv,0.1,10.0,100.0,-11588.0,0.0,-11588.0,10.0,10.0,261042.0
1152,XAUUSD,BUY,2024-12-13 03:15:00+00:00,2024-12-13 10:55:20+00:00,2689.69,2678.14,-115.88,-115.88,2.13.130,LIVE,OOS,0.0,0.1,0.1,LIVE_ACCOUNT,0.1,C:\Users\Leon\Desktop\QUANT\Data_Center\Data\2_Baseline\Trades\Backtest\LIVE_ACCOUNT\OOS\listOfTrades_XAUUSD_45_2.13.130_BUY_M15_OOS.csv,0.1,10.0,100.0,-11588.0,0.0,-11588.0,10.0,10.0,249454.0
1154,XAUUSD,BUY,2024-12-17 03:15:00+00:00,2024-12-17 10:37:40+00:00,2657.53,2645.98,-115.88,-115.88,2.13.130,LIVE,OOS,0.0,0.1,0.1,LIVE_ACCOUNT,0.1,C:\Users\Leon\Desktop\QUANT\Data_Center\Data\2_Baseline\Trades\Backtest\LIVE_ACCOUNT\OOS\listOfTrades_XAUUSD_45_2.13.130_BUY_M15_OOS.csv,0.1,10.0,100.0,-11588.0,0.0,-11588.0,10.0,10.0,237866.0
1156,XAUUSD,BUY,2024-12-18 02:45:00+00:00,2024-12-18 16:30:40+00:00,2649.75,2638.2,-115.87,-115.87,2.13.130,LIVE,OOS,0.0,0.1,0.1,LIVE_ACCOUNT,0.1,C:\Users\Leon\Desktop\QUANT\Data_Center\Data\2_Baseline\Trades\Backtest\LIVE_ACCOUNT\OOS\listOfTrades_XAUUSD_45_2.13.130_BUY_M15_OOS.csv,0.1,10.0,100.0,-11587.0,0.0,-11587.0,10.0,10.0,226279.0
1158,XAUUSD,BUY,2024-12-19 09:30:00+00:00,2024-12-19 14:43:40+00:00,2619.83,2608.28,-115.86,-115.86,2.13.130,LIVE,OOS,0.0,0.1,0.1,LIVE_ACCOUNT,0.1,C:\Users\Leon\Desktop\QUANT\Data_Center\Data\2_Baseline\Trades\Backtest\LIVE_ACCOUNT\OOS\listOfTrades_XAUUSD_45_2.13.130_BUY_M15_OOS.csv,0.1,10.0,100.0,-11586.0,0.0,-11586.0,10.0,10.0,214693.0
1160,XAUUSD,BUY,2024-12-20 03:45:00+00:00,2024-12-20 15:47:40+00:00,2601.25,2612.65,113.64,113.64,2.13.130,LIVE,OOS,0.0,0.1,0.1,LIVE_ACCOUNT,0.1,C:\Users\Leon\Desktop\QUANT\Data_Center\Data\2_Baseline\Trades\Backtest\LIVE_ACCOUNT\OOS\listOfTrades_XAUUSD_45_2.13.130_BUY_M15_OOS.csv,0.1,10.0,100.0,11364.0,0.0,11364.0,10.0,10.0,226057.0
1162,XAUUSD,BUY,2024-12-24 03:00:00+00:00,2024-12-26 01:05:00+00:00,2617.06,2615.85,-22.06,-22.06,2.13.130,LIVE,OOS,0.0,0.1,0.1,LIVE_ACCOUNT,0.1,C:\Users\Leon\Desktop\QUANT\Data_Center\Data\2_Baseline\Trades\Backtest\LIVE_ACCOUNT\OOS\listOfTrades_XAUUSD_45_2.13.130_BUY_M15_OOS.csv,0.1,10.0,100.0,-2206.0,0.0,-2206.0,10.0,10.0,223851.0
1164,XAUUSD,BUY,2024-12-26 01:30:00+00:00,2024-12-26 17:06:40+00:00,2620.24,2631.64,113.64,113.64,2.13.130,LIVE,OOS,0.0,0.1,0.1,LIVE_ACCOUNT,0.1,C:\Users\Leon\Desktop\QUANT\Data_Center\Data\2_Baseline\Trades\Backtest\LIVE_ACCOUNT\OOS\listOfTrades_XAUUSD_45_2.13.130_BUY_M15_OOS.csv,0.1,10.0,100.0,11364.0,0.0,11364.0,10.0,10.0,235215.0
1166,XAUUSD,BUY,2024-12-27 08:30:00+00:00,2024-12-27 11:13:40+00:00,2636.78,2625.23,-115.86,-115.86,2.13.130,LIVE,OOS,0.0,0.1,0.1,LIVE_ACCOUNT,0.1,C:\Users\Leon\Desktop\QUANT\Data_Center\Data\2_Baseline\Trades\Backtest\LIVE_ACCOUNT\OOS\listOfTrades_XAUUSD_45_2.13.130_BUY_M15_OOS.csv,0.1,10.0,100.0,-11586.0,0.0,-11586.0,10.0,10.0,223629.0
1168,XAUUSD,BUY,2024-12-31 09:45:00+00:00,2024-12-31 17:36:40+00:00,2611.64,2623.04,113.64,113.64,2.13.130,LIVE,OOS,0.0,0.1,0.1,LIVE_ACCOUNT,0.1,C:\Users\Leon\Desktop\QUANT\Data_Center\Data\2_Baseline\Trades\Backtest\LIVE_ACCOUNT\OOS\listOfTrades_XAUUSD_45_2.13.130_BUY_M15_OOS.csv,0.1,10.0,100.0,11364.0,0.0,11364.0,10.0,10.0,234993.0
1170,XAUUSD,BUY,2025-01-02 02:30:00+00:00,2025-01-02 11:01:40+00:00,2626.54,2637.94,113.64,113.64,2.13.130,LIVE,OOS,0.0,0.1,0.1,LIVE_ACCOUNT,0.1,C:\Users\Leon\Desktop\QUANT\Data_Center\Data\2_Baseline\Trades\Backtest\LIVE_ACCOUNT\OOS\listOfTrades_XAUUSD_45_2.13.130_BUY_M15_OOS.csv,0.1,10.0,100.0,11364.0,0.0,11364.0,10.0,10.0,246357.0
1172,XAUUSD,BUY,2025-01-03 01:30:00+00:00,2025-01-03 15:38:40+00:00,2659.06,2647.51,-115.88,-115.88,2.13.130,LIVE,OOS,0.0,0.1,0.1,LIVE_ACCOUNT,0.1,C:\Users\Leon\Desktop\QUANT\Data_Center\Data\2_Baseline\Trades\Backtest\LIVE_ACCOUNT\OOS\listOfTrades_XAUUSD_45_2.13.130_BUY_M15_OOS.csv,0.1,10.0,100.0,-11588.0,0.0,-11588.0,10.0,10.0,234769.0
1174,XAUUSD,BUY,2025-01-07 03:45:00+00:00,2025-01-07 14:07:40+00:00,2638.91,2650.31,113.63,113.63,2.13.130,LIVE,OOS,0.0,0.1,0.1,LIVE_ACCOUNT,0.1,C:\Users\Leon\Desktop\QUANT\Data_Center\Data\2_Baseline\Trades\Backtest\LIVE_ACCOUNT\OOS\listOfTrades_XAUUSD_45_2.13.130_BUY_M15_OOS.csv,0.1,10.0,100.0,11363.0,0.0,11363.0,10.0,10.0,246132.0
1176,XAUUSD,BUY,2025-01-08 08:15:00+00:00,2025-01-08 16:03:40+00:00,2651.31,2662.71,113.62,113.62,2.13.130,LIVE,OOS,0.0,0.1,0.1,LIVE_ACCOUNT,0.1,C:\Users\Leon\Desktop\QUANT\Data_Center\Data\2_Baseline\Trades\Backtest\LIVE_ACCOUNT\OOS\listOfTrades_XAUUSD_45_2.13.130_BUY_M15_OOS.csv,0.1,10.0,100.0,11362.0,0.0,11362.0,10.0,10.0,257494.0
1178,XAUUSD,BUY,2025-01-09 08:45:00+00:00,2025-01-09 15:25:40+00:00,2664.33,2675.73,113.62,113.62,2.13.130,LIVE,OOS,0.0,0.1,0.1,LIVE_ACCOUNT,0.1,C:\Users\Leon\Desktop\QUANT\Data_Center\Data\2_Baseline\Trades\Backtest\LIVE_ACCOUNT\OOS\listOfTrades_XAUUSD_45_2.13.130_BUY_M15_OOS.csv,0.1,10.0,100.0,11362.0,0.0,11362.0,10.0,10.0,268856.0
1180,XAUUSD,BUY,2025-01-10 04:30:00+00:00,2025-01-10 16:03:20+00:00,2673.65,2685.05,113.62,113.62,2.13.130,LIVE,OOS,0.0,0.1,0.1,LIVE_ACCOUNT,0.1,C:\Users\Leon\Desktop\QUANT\Data_Center\Data\2_Baseline\Trades\Backtest\LIVE_ACCOUNT\OOS\listOfTrades_XAUUSD_45_2.13.130_BUY_M15_OOS.csv,0.1,10.0,100.0,11362.0,0.0,11362.0,10.0,10.0,280218.0
1182,XAUUSD,BUY,2025-01-14 02:00:00+00:00,2025-01-14 23:45:00+00:00,2668.23,2676.44,81.72,81.72,2.13.130,LIVE,OOS,0.0,0.1,0.1,LIVE_ACCOUNT,0.1,C:\Users\Leon\Desktop\QUANT\Data_Center\Data\2_Baseline\Trades\Backtest\LIVE_ACCOUNT\OOS\listOfTrades_XAUUSD_45_2.13.130_BUY_M15_OOS.csv,0.1,10.0,100.0,8172.0,0.0,8172.0,10.0,10.0,288390.0
1184,XAUUSD,BUY,2025-01-15 07:45:00+00:00,2025-01-15 15:30:40+00:00,2677.58,2688.98,113.62,113.62,2.13.130,LIVE,OOS,0.0,0.1,0.1,LIVE_ACCOUNT,0.1,C:\Users\Leon\Desktop\QUANT\Data_Center\Data\2_Baseline\Trades\Backtest\LIVE_ACCOUNT\OOS\listOfTrades_XAUUSD_45_2.13.130_BUY_M15_OOS.csv,0.1,10.0,100.0,11362.0,0.0,11362.0,10.0,10.0,299752.0
1186,XAUUSD,BUY,2025-01-16 01:15:00+00:00,2025-01-16 12:06:40+00:00,2695.92,2707.32,113.62,113.62,2.13.130,LIVE,OOS,0.0,0.1,0.1,LIVE_ACCOUNT,0.1,C:\Users\Leon\Desktop\QUANT\Data_Center\Data\2_Baseline\Trades\Backtest\LIVE_ACCOUNT\OOS\listOfTrades_XAUUSD_45_2.13.130_BUY_M15_OOS.csv,0.1,10.0,100.0,11362.0,0.0,11362.0,10.0,10.0,311114.0
1188,XAUUSD,BUY,2025-01-17 18:00:00+00:00,2025-01-17 21:55:40+00:00,2714.49,2702.94,-115.88,-115.88,2.13.130,LIVE,OOS,0.0,0.1,0.1,LIVE_ACCOUNT,0.1,C:\Users\Leon\Desktop\QUANT\Data_Center\Data\2_Baseline\Trades\Backtest\LIVE_ACCOUNT\OOS\listOfTrades_XAUUSD_45_2.13.130_BUY_M15_OOS.csv,0.1,10.0,100.0,-11588.0,0.0,-11588.0,10.0,10.0,299526.0
1190,XAUUSD,BUY,2025-01-21 03:45:00+00:00,2025-01-21 06:53:40+00:00,2716.34,2727.74,113.62,113.62,2.13.130,LIVE,OOS,0.0,0.1,0.1,LIVE_ACCOUNT,0.1,C:\Users\Leon\Desktop\QUANT\Data_Center\Data\2_Baseline\Trades\Backtest\LIVE_ACCOUNT\OOS\listOfTrades_XAUUSD_45_2.13.130_BUY_M15_OOS.csv,0.1,10.0,100.0,11362.0,0.0,11362.0,10.0,10.0,310888.0
1192,XAUUSD,BUY,2025-01-22 02:00:00+00:00,2025-01-22 07:47:40+00:00,2744.54,2755.94,113.62,113.62,2.13.130,LIVE,OOS,0.0,0.1,0.1,LIVE_ACCOUNT,0.1,C:\Users\Leon\Desktop\QUANT\Data_Center\Data\2_Baseline\Trades\Backtest\LIVE_ACCOUNT\OOS\listOfTrades_XAUUSD_45_2.13.130_BUY_M15_OOS.csv,0.1,10.0,100.0,11362.0,0.0,11362.0,10.0,10.0,322250.0
1194,XAUUSD,BUY,2025-01-23 18:45:00+00:00,2025-01-23 23:45:00+00:00,2754.53,2753.54,-10.28,-10.28,2.13.130,LIVE,OOS,0.0,0.1,0.1,LIVE_ACCOUNT,0.1,C:\Users\Leon\Desktop\QUANT\Data_Center\Data\2_Baseline\Trades\Backtest\LIVE_ACCOUNT\OOS\listOfTrades_XAUUSD_45_2.13.130_BUY_M15_OOS.csv,0.1,10.0,100.0,-1028.0,0.0,-1028.0,10.0,10.0,321222.0
1196,XAUUSD,BUY,2025-01-24 02:45:00+00:00,2025-01-24 04:38:40+00:00,2760.5,2771.9,113.62,113.62,2.13.130,LIVE,OOS,0.0,0.1,0.1,LIVE_ACCOUNT,0.1,C:\Users\Leon\Desktop\QUANT\Data_Center\Data\2_Baseline\Trades\Backtest\LIVE_ACCOUNT\OOS\listOfTrades_XAUUSD_45_2.13.130_BUY_M15_OOS.csv,0.1,10.0,100.0,11362.0,0.0,11362.0,10.0,10.0,332584.0
1198,XAUUSD,BUY,2025-01-28 15:15:00+00:00,2025-01-28 18:47:40+00:00,2746.99,2758.39,113.62,113.62,2.13.130,LIVE,OOS,0.0,0.1,0.1,LIVE_ACCOUNT,0.1,C:\Users\Leon\Desktop\QUANT\Data_Center\Data\2_Baseline\Trades\Backtest\LIVE_ACCOUNT\OOS\listOfTrades_XAUUSD_45_2.13.130_BUY_M15_OOS.csv,0.1,10.0,100.0,11362.0,0.0,11362.0,10.0,10.0,343946.0
1200,XAUUSD,BUY,2025-01-29 02:30:00+00:00,2025-01-29 15:22:40+00:00,2763.83,2752.28,-115.88,-115.88,2.13.130,LIVE,OOS,0.0,0.1,0.1,LIVE_ACCOUNT,0.1,C:\Users\Leon\Desktop\QUANT\Data_Center\Data\2_Baseline\Trades\Backtest\LIVE_ACCOUNT\OOS\listOfTrades_XAUUSD_45_2.13.130_BUY_M15_OOS.csv,0.1,10.0,100.0,-11588.0,0.0,-11588.0,10.0,10.0,332358.0
1202,XAUUSD,BUY,2025-01-30 01:15:00+00:00,2025-01-30 10:08:40+00:00,2760.16,2771.56,113.62,113.62,2.13.130,LIVE,OOS,0.0,0.1,0.1,LIVE_ACCOUNT,0.1,C:\Users\Leon\Desktop\QUANT\Data_Center\Data\2_Baseline\Trades\Backtest\LIVE_ACCOUNT\OOS\listOfTrades_XAUUSD_45_2.13.130_BUY_M15_OOS.csv,0.1,10.0,100.0,11362.0,0.0,11362.0,10.0,10.0,343720.0
1204,XAUUSD,BUY,2025-01-31 02:15:00+00:00,2025-01-31 16:44:40+00:00,2797.88,2809.28,113.6,113.6,2.13.130,LIVE,OOS,0.0,0.1,0.1,LIVE_ACCOUNT,0.1,C:\Users\Leon\Desktop\QUANT\Data_Center\Data\2_Baseline\Trades\Backtest\LIVE_ACCOUNT\OOS\listOfTrades_XAUUSD_45_2.13.130_BUY_M15_OOS.csv,0.1,10.0,100.0,11360.0,0.0,11360.0,10.0,10.0,355080.0
1206,XAUUSD,BUY,2025-02-04 03:30:00+00:00,2025-02-04 09:25:20+00:00,2820.84,2809.29,-115.9,-115.9,2.13.130,LIVE,OOS,0.0,0.1,0.1,LIVE_ACCOUNT,0.1,C:\Users\Leon\Desktop\QUANT\Data_Center\Data\2_Baseline\Trades\Backtest\LIVE_ACCOUNT\OOS\listOfTrades_XAUUSD_45_2.13.130_BUY_M15_OOS.csv,0.1,10.0,100.0,-11590.0,0.0,-11590.0,10.0,10.0,343490.0
1208,XAUUSD,BUY,2025-02-05 02:45:00+00:00,2025-02-05 07:43:40+00:00,2847.39,2858.79,113.6,113.6,2.13.130,LIVE,OOS,0.0,0.1,0.1,LIVE_ACCOUNT,0.1,C:\Users\Leon\Desktop\QUANT\Data_Center\Data\2_Baseline\Trades\Backtest\LIVE_ACCOUNT\OOS\listOfTrades_XAUUSD_45_2.13.130_BUY_M15_OOS.csv,0.1,10.0,100.0,11360.0,0.0,11360.0,10.0,10.0,354850.0
1210,XAUUSD,BUY,2025-02-06 14:15:00+00:00,2025-02-06 15:56:40+00:00,2867.88,2856.33,-115.9,-115.9,2.13.130,LIVE,OOS,0.0,0.1,0.1,LIVE_ACCOUNT,0.1,C:\Users\Leon\Desktop\QUANT\Data_Center\Data\2_Baseline\Trades\Backtest\LIVE_ACCOUNT\OOS\listOfTrades_XAUUSD_45_2.13.130_BUY_M15_OOS.csv,0.1,10.0,100.0,-11590.0,0.0,-11590.0,10.0,10.0,343260.0
1212,XAUUSD,BUY,2025-02-07 02:15:00+00:00,2025-02-07 16:24:40+00:00,2859.23,2870.63,113.6,113.6,2.13.130,LIVE,OOS,0.0,0.1,0.1,LIVE_ACCOUNT,0.1,C:\Users\Leon\Desktop\QUANT\Data_Center\Data\2_Baseline\Trades\Backtest\LIVE_ACCOUNT\OOS\listOfTrades_XAUUSD_45_2.13.130_BUY_M15_OOS.csv,0.1,10.0,100.0,11360.0,0.0,11360.0,10.0,10.0,354620.0
1214,XAUUSD,BUY,2025-02-11 01:15:00+00:00,2025-02-11 02:53:40+00:00,2911.39,2922.79,113.6,113.6,2.13.130,LIVE,OOS,0.0,0.1,0.1,LIVE_ACCOUNT,0.1,C:\Users\Leon\Desktop\QUANT\Data_Center\Data\2_Baseline\Trades\Backtest\LIVE_ACCOUNT\OOS\listOfTrades_XAUUSD_45_2.13.130_BUY_M15_OOS.csv,0.1,10.0,100.0,11360.0,0.0,11360.0,10.0,10.0,365980.0
1216,XAUUSD,BUY,2025-02-12 19:00:00+00:00,2025-02-12 23:45:00+00:00,2902.65,2902.76,0.7,0.7,2.13.130,LIVE,OOS,0.0,0.1,0.1,LIVE_ACCOUNT,0.1,C:\Users\Leon\Desktop\QUANT\Data_Center\Data\2_Baseline\Trades\Backtest\LIVE_ACCOUNT\OOS\listOfTrades_XAUUSD_45_2.13.130_BUY_M15_OOS.csv,0.1,10.0,100.0,70.0,0.0,70.0,10.0,10.0,366050.0
1218,XAUUSD,BUY,2025-02-13 01:05:00+00:00,2025-02-13 05:26:20+00:00,2904.93,2916.33,113.6,113.6,2.13.130,LIVE,OOS,0.0,0.1,0.1,LIVE_ACCOUNT,0.1,C:\Users\Leon\Desktop\QUANT\Data_Center\Data\2_Baseline\Trades\Backtest\LIVE_ACCOUNT\OOS\listOfTrades_XAUUSD_45_2.13.130_BUY_M15_OOS.csv,0.1,10.0,100.0,11360.0,0.0,11360.0,10.0,10.0,377410.0
1220,XAUUSD,BUY,2025-02-14 03:15:00+00:00,2025-02-14 15:44:40+00:00,2931.86,2920.31,-115.91,-115.91,2.13.130,LIVE,OOS,0.0,0.1,0.1,LIVE_ACCOUNT,0.1,C:\Users\Leon\Desktop\QUANT\Data_Center\Data\2_Baseline\Trades\Backtest\LIVE_ACCOUNT\OOS\listOfTrades_XAUUSD_45_2.13.130_BUY_M15_OOS.csv,0.1,10.0,100.0,-11591.0,0.0,-11591.0,10.0,10.0,365819.0
1222,XAUUSD,BUY,2025-02-18 04:45:00+00:00,2025-02-18 07:32:20+00:00,2903.6,2915.0,113.6,113.6,2.13.130,LIVE,OOS,0.0,0.1,0.1,LIVE_ACCOUNT,0.1,C:\Users\Leon\Desktop\QUANT\Data_Center\Data\2_Baseline\Trades\Backtest\LIVE_ACCOUNT\OOS\listOfTrades_XAUUSD_45_2.13.130_BUY_M15_OOS.csv,0.1,10.0,100.0,11360.0,0.0,11360.0,10.0,10.0,377179.0
1224,XAUUSD,BUY,2025-02-19 04:00:00+00:00,2025-02-19 04:49:40+00:00,2938.76,2927.21,-115.91,-115.91,2.13.130,LIVE,OOS,0.0,0.1,0.1,LIVE_ACCOUNT,0.1,C:\Users\Leon\Desktop\QUANT\Data_Center\Data\2_Baseline\Trades\Backtest\LIVE_ACCOUNT\OOS\listOfTrades_XAUUSD_45_2.13.130_BUY_M15_OOS.csv,0.1,10.0,100.0,-11591.0,0.0,-11591.0,10.0,10.0,365588.0
1226,XAUUSD,BUY,2025-02-20 02:15:00+00:00,2025-02-20 09:33:40+00:00,2939.42,2950.82,113.58,113.58,2.13.130,LIVE,OOS,0.0,0.1,0.1,LIVE_ACCOUNT,0.1,C:\Users\Leon\Desktop\QUANT\Data_Center\Data\2_Baseline\Trades\Backtest\LIVE_ACCOUNT\OOS\listOfTrades_XAUUSD_45_2.13.130_BUY_M15_OOS.csv,0.1,10.0,100.0,11358.0,0.0,11358.0,10.0,10.0,376946.0
1228,XAUUSD,BUY,2025-02-21 03:15:00+00:00,2025-02-21 03:46:40+00:00,2946.3,2934.75,-115.92,-115.92,2.13.130,LIVE,OOS,0.0,0.1,0.1,LIVE_ACCOUNT,0.1,C:\Users\Leon\Desktop\QUANT\Data_Center\Data\2_Baseline\Trades\Backtest\LIVE_ACCOUNT\OOS\listOfTrades_XAUUSD_45_2.13.130_BUY_M15_OOS.csv,0.1,10.0,100.0,-11592.0,0.0,-11592.0,10.0,10.0,365354.0
1230,XAUUSD,BUY,2025-02-26 02:15:00+00:00,2025-02-26 06:17:40+00:00,2924.63,2913.08,-115.9,-115.9,2.13.130,LIVE,OOS,0.0,0.1,0.1,LIVE_ACCOUNT,0.1,C:\Users\Leon\Desktop\QUANT\Data_Center\Data\2_Baseline\Trades\Backtest\LIVE_ACCOUNT\OOS\listOfTrades_XAUUSD_45_2.13.130_BUY_M15_OOS.csv,0.1,10.0,100.0,-11590.0,0.0,-11590.0,10.0,10.0,353764.0
1232,XAUUSD,BUY,2025-02-27 01:45:00+00:00,2025-02-27 04:50:40+00:00,2920.18,2908.63,-115.9,-115.9,2.13.130,LIVE,OOS,0.0,0.1,0.1,LIVE_ACCOUNT,0.1,C:\Users\Leon\Desktop\QUANT\Data_Center\Data\2_Baseline\Trades\Backtest\LIVE_ACCOUNT\OOS\listOfTrades_XAUUSD_45_2.13.130_BUY_M15_OOS.csv,0.1,10.0,100.0,-11590.0,0.0,-11590.0,10.0,10.0,342174.0
1234,XAUUSD,BUY,2025-03-04 09:30:00+00:00,2025-03-04 10:28:40+00:00,2899.65,2911.05,113.6,113.6,2.13.130,LIVE,OOS,0.0,0.1,0.1,LIVE_ACCOUNT,0.1,C:\Users\Leon\Desktop\QUANT\Data_Center\Data\2_Baseline\Trades\Backtest\LIVE_ACCOUNT\OOS\listOfTrades_XAUUSD_45_2.13.130_BUY_M15_OOS.csv,0.1,10.0,100.0,11360.0,0.0,11360.0,10.0,10.0,353534.0
1236,XAUUSD,BUY,2025-03-05 08:00:00+00:00,2025-03-05 15:34:40+00:00,2918.95,2907.4,-115.9,-115.9,2.13.130,LIVE,OOS,0.0,0.1,0.1,LIVE_ACCOUNT,0.1,C:\Users\Leon\Desktop\QUANT\Data_Center\Data\2_Baseline\Trades\Backtest\LIVE_ACCOUNT\OOS\listOfTrades_XAUUSD_45_2.13.130_BUY_M15_OOS.csv,0.1,10.0,100.0,-11590.0,0.0,-11590.0,10.0,10.0,341944.0
1238,XAUUSD,BUY,2025-03-06 04:00:00+00:00,2025-03-06 09:35:40+00:00,2924.88,2913.33,-115.9,-115.9,2.13.130,LIVE,OOS,0.0,0.1,0.1,LIVE_ACCOUNT,0.1,C:\Users\Leon\Desktop\QUANT\Data_Center\Data\2_Baseline\Trades\Backtest\LIVE_ACCOUNT\OOS\listOfTrades_XAUUSD_45_2.13.130_BUY_M15_OOS.csv,0.1,10.0,100.0,-11590.0,0.0,-11590.0,10.0,10.0,330354.0
1240,XAUUSD,BUY,2025-03-07 08:45:00+00:00,2025-03-07 15:37:20+00:00,2913.93,2925.33,113.6,113.6,2.13.130,LIVE,OOS,0.0,0.1,0.1,LIVE_ACCOUNT,0.1,C:\Users\Leon\Desktop\QUANT\Data_Center\Data\2_Baseline\Trades\Backtest\LIVE_ACCOUNT\OOS\listOfTrades_XAUUSD_45_2.13.130_BUY_M15_OOS.csv,0.1,10.0,100.0,11360.0,0.0,11360.0,10.0,10.0,341714.0
1242,XAUUSD,BUY,2025-03-11 05:15:00+00:00,2025-03-11 11:20:40+00:00,2894.35,2905.75,113.6,113.6,2.13.130,LIVE,OOS,0.0,0.1,0.1,LIVE_ACCOUNT,0.1,C:\Users\Leon\Desktop\QUANT\Data_Center\Data\2_Baseline\Trades\Backtest\LIVE_ACCOUNT\OOS\listOfTrades_XAUUSD_45_2.13.130_BUY_M15_OOS.csv,0.1,10.0,100.0,11360.0,0.0,11360.0,10.0,10.0,353074.0
1244,XAUUSD,BUY,2025-03-13 05:15:00+00:00,2025-03-13 17:03:40+00:00,2941.3,2952.7,113.58,113.58,2.13.130,LIVE,OOS,0.0,0.1,0.1,LIVE_ACCOUNT,0.1,C:\Users\Leon\Desktop\QUANT\Data_Center\Data\2_Baseline\Trades\Backtest\LIVE_ACCOUNT\OOS\listOfTrades_XAUUSD_45_2.13.130_BUY_M15_OOS.csv,0.1,10.0,100.0,11358.0,0.0,11358.0,10.0,10.0,364432.0
1246,XAUUSD,BUY,2025-03-14 04:15:00+00:00,2025-03-14 13:15:40+00:00,2990.1,3001.5,113.58,113.58,2.13.130,LIVE,OOS,0.0,0.1,0.1,LIVE_ACCOUNT,0.1,C:\Users\Leon\Desktop\QUANT\Data_Center\Data\2_Baseline\Trades\Backtest\LIVE_ACCOUNT\OOS\listOfTrades_XAUUSD_45_2.13.130_BUY_M15_OOS.csv,0.1,10.0,100.0,11358.0,0.0,11358.0,10.0,10.0,375790.0
1248,XAUUSD,BUY,2025-03-18 02:30:00+00:00,2025-03-18 06:14:40+00:00,3001.65,3013.05,113.58,113.58,2.13.130,LIVE,OOS,0.0,0.1,0.1,LIVE_ACCOUNT,0.1,C:\Users\Leon\Desktop\QUANT\Data_Center\Data\2_Baseline\Trades\Backtest\LIVE_ACCOUNT\OOS\listOfTrades_XAUUSD_45_2.13.130_BUY_M15_OOS.csv,0.1,10.0,100.0,11358.0,0.0,11358.0,10.0,10.0,387148.0
1250,XAUUSD,BUY,2025-03-19 07:30:00+00:00,2025-03-19 11:59:40+00:00,3037.15,3025.6,-115.92,-115.92,2.13.130,LIVE,OOS,0.0,0.1,0.1,LIVE_ACCOUNT,0.1,C:\Users\Leon\Desktop\QUANT\Data_Center\Data\2_Baseline\Trades\Backtest\LIVE_ACCOUNT\OOS\listOfTrades_XAUUSD_45_2.13.130_BUY_M15_OOS.csv,0.1,10.0,100.0,-11592.0,0.0,-11592.0,10.0,10.0,375556.0
1252,XAUUSD,BUY,2025-03-20 01:15:00+00:00,2025-03-20 13:07:40+00:00,3049.72,3038.17,-115.92,-115.92,2.13.130,LIVE,OOS,0.0,0.1,0.1,LIVE_ACCOUNT,0.1,C:\Users\Leon\Desktop\QUANT\Data_Center\Data\2_Baseline\Trades\Backtest\LIVE_ACCOUNT\OOS\listOfTrades_XAUUSD_45_2.13.130_BUY_M15_OOS.csv,0.1,10.0,100.0,-11592.0,0.0,-11592.0,10.0,10.0,363964.0
1254,XAUUSD,BUY,2025-03-25 08:15:00+00:00,2025-03-25 16:42:40+00:00,3018.64,3030.04,113.58,113.58,2.13.130,LIVE,OOS,0.0,0.1,0.1,LIVE_ACCOUNT,0.1,C:\Users\Leon\Desktop\QUANT\Data_Center\Data\2_Baseline\Trades\Backtest\LIVE_ACCOUNT\OOS\listOfTrades_XAUUSD_45_2.13.130_BUY_M15_OOS.csv,0.1,10.0,100.0,11358.0,0.0,11358.0,10.0,10.0,375322.0
1256,XAUUSD,BUY,2025-03-26 05:00:00+00:00,2025-03-26 08:08:40+00:00,3025.0,3013.45,-115.92,-115.92,2.13.130,LIVE,OOS,0.0,0.1,0.1,LIVE_ACCOUNT,0.1,C:\Users\Leon\Desktop\QUANT\Data_Center\Data\2_Baseline\Trades\Backtest\LIVE_ACCOUNT\OOS\listOfTrades_XAUUSD_45_2.13.130_BUY_M15_OOS.csv,0.1,10.0,100.0,-11592.0,0.0,-11592.0,10.0,10.0,363730.0
1258,XAUUSD,BUY,2025-03-27 03:15:00+00:00,2025-03-27 07:07:40+00:00,3023.49,3034.89,113.58,113.58,2.13.130,LIVE,OOS,0.0,0.1,0.1,LIVE_ACCOUNT,0.1,C:\Users\Leon\Desktop\QUANT\Data_Center\Data\2_Baseline\Trades\Backtest\LIVE_ACCOUNT\OOS\listOfTrades_XAUUSD_45_2.13.130_BUY_M15_OOS.csv,0.1,10.0,100.0,11358.0,0.0,11358.0,10.0,10.0,375088.0
1260,XAUUSD,BUY,2025-03-28 03:15:00+00:00,2025-03-28 04:47:20+00:00,3058.43,3069.83,113.58,113.58,2.13.130,LIVE,OOS,0.0,0.1,0.1,LIVE_ACCOUNT,0.1,C:\Users\Leon\Desktop\QUANT\Data_Center\Data\2_Baseline\Trades\Backtest\LIVE_ACCOUNT\OOS\listOfTrades_XAUUSD_45_2.13.130_BUY_M15_OOS.csv,0.1,10.0,100.0,11358.0,0.0,11358.0,10.0,10.0,386446.0
1262,XAUUSD,BUY,2025-04-01 02:45:00+00:00,2025-04-01 04:47:40+00:00,3126.18,3137.58,113.56,113.56,2.13.130,LIVE,OOS,0.0,0.1,0.1,LIVE_ACCOUNT,0.1,C:\Users\Leon\Desktop\QUANT\Data_Center\Data\2_Baseline\Trades\Backtest\LIVE_ACCOUNT\OOS\listOfTrades_XAUUSD_45_2.13.130_BUY_M15_OOS.csv,0.1,10.0,100.0,11356.0,0.0,11356.0,10.0,10.0,397802.0
1264,XAUUSD,BUY,2025-04-02 04:00:00+00:00,2025-04-02 04:32:40+00:00,3123.19,3134.59,113.56,113.56,2.13.130,LIVE,OOS,0.0,0.1,0.1,LIVE_ACCOUNT,0.1,C:\Users\Leon\Desktop\QUANT\Data_Center\Data\2_Baseline\Trades\Backtest\LIVE_ACCOUNT\OOS\listOfTrades_XAUUSD_45_2.13.130_BUY_M15_OOS.csv,0.1,10.0,100.0,11356.0,0.0,11356.0,10.0,10.0,409158.0
1266,XAUUSD,BUY,2025-04-03 01:15:00+00:00,2025-04-03 01:27:40+00:00,3144.76,3133.21,-115.94,-115.94,2.13.130,LIVE,OOS,0.0,0.1,0.1,LIVE_ACCOUNT,0.1,C:\Users\Leon\Desktop\QUANT\Data_Center\Data\2_Baseline\Trades\Backtest\LIVE_ACCOUNT\OOS\listOfTrades_XAUUSD_45_2.13.130_BUY_M15_OOS.csv,0.1,10.0,100.0,-11594.0,0.0,-11594.0,10.0,10.0,397564.0
1268,XAUUSD,BUY,2025-04-04 13:45:00+00:00,2025-04-04 14:09:40+00:00,3111.33,3122.73,113.56,113.56,2.13.130,LIVE,OOS,0.0,0.1,0.1,LIVE_ACCOUNT,0.1,C:\Users\Leon\Desktop\QUANT\Data_Center\Data\2_Baseline\Trades\Backtest\LIVE_ACCOUNT\OOS\listOfTrades_XAUUSD_45_2.13.130_BUY_M15_OOS.csv,0.1,10.0,100.0,11356.0,0.0,11356.0,10.0,10.0,408920.0
1270,XAUUSD,BUY,2025-04-08 04:45:00+00:00,2025-04-08 09:20:40+00:00,3000.22,3011.62,113.58,113.58,2.13.130,LIVE,OOS,0.0,0.1,0.1,LIVE_ACCOUNT,0.1,C:\Users\Leon\Desktop\QUANT\Data_Center\Data\2_Baseline\Trades\Backtest\LIVE_ACCOUNT\OOS\listOfTrades_XAUUSD_45_2.13.130_BUY_M15_OOS.csv,0.1,10.0,100.0,11358.0,0.0,11358.0,10.0,10.0,420278.0
1272,XAUUSD,BUY,2025-04-09 04:45:00+00:00,2025-04-09 07:24:20+00:00,3000.55,3011.95,113.58,113.58,2.13.130,LIVE,OOS,0.0,0.1,0.1,LIVE_ACCOUNT,0.1,C:\Users\Leon\Desktop\QUANT\Data_Center\Data\2_Baseline\Trades\Backtest\LIVE_ACCOUNT\OOS\listOfTrades_XAUUSD_45_2.13.130_BUY_M15_OOS.csv,0.1,10.0,100.0,11358.0,0.0,11358.0,10.0,10.0,431636.0
1274,XAUUSD,BUY,2025-04-10 03:30:00+00:00,2025-04-10 04:19:40+00:00,3096.5,3084.95,-115.94,-115.94,2.13.130,LIVE,OOS,0.0,0.1,0.1,LIVE_ACCOUNT,0.1,C:\Users\Leon\Desktop\QUANT\Data_Center\Data\2_Baseline\Trades\Backtest\LIVE_ACCOUNT\OOS\listOfTrades_XAUUSD_45_2.13.130_BUY_M15_OOS.csv,0.1,10.0,100.0,-11594.0,0.0,-11594.0,10.0,10.0,420042.0
1276,XAUUSD,BUY,2025-04-11 08:30:00+00:00,2025-04-11 08:40:40+00:00,3217.21,3205.66,-115.95,-115.95,2.13.130,LIVE,OOS,0.0,0.1,0.1,LIVE_ACCOUNT,0.1,C:\Users\Leon\Desktop\QUANT\Data_Center\Data\2_Baseline\Trades\Backtest\LIVE_ACCOUNT\OOS\listOfTrades_XAUUSD_45_2.13.130_BUY_M15_OOS.csv,0.1,10.0,100.0,-11595.0,0.0,-11595.0,10.0,10.0,408447.0
1278,XAUUSD,BUY,2025-04-15 04:15:00+00:00,2025-04-15 07:00:40+00:00,3217.83,3229.23,113.54,113.54,2.13.130,LIVE,OOS,0.0,0.1,0.1,LIVE_ACCOUNT,0.1,C:\Users\Leon\Desktop\QUANT\Data_Center\Data\2_Baseline\Trades\Backtest\LIVE_ACCOUNT\OOS\listOfTrades_XAUUSD_45_2.13.130_BUY_M15_OOS.csv,0.1,10.0,100.0,11354.0,0.0,11354.0,10.0,10.0,419801.0
1280,XAUUSD,BUY,2025-04-16 01:30:00+00:00,2025-04-16 02:37:20+00:00,3234.88,3246.28,113.54,113.54,2.13.130,LIVE,OOS,0.0,0.1,0.1,LIVE_ACCOUNT,0.1,C:\Users\Leon\Desktop\QUANT\Data_Center\Data\2_Baseline\Trades\Backtest\LIVE_ACCOUNT\OOS\listOfTrades_XAUUSD_45_2.13.130_BUY_M15_OOS.csv,0.1,10.0,100.0,11354.0,0.0,11354.0,10.0,10.0,431155.0
1282,XAUUSD,BUY,2025-04-17 03:30:00+00:00,2025-04-17 04:31:40+00:00,3348.98,3337.43,-115.96,-115.96,2.13.130,LIVE,OOS,0.0,0.1,0.1,LIVE_ACCOUNT,0.1,C:\Users\Leon\Desktop\QUANT\Data_Center\Data\2_Baseline\Trades\Backtest\LIVE_ACCOUNT\OOS\listOfTrades_XAUUSD_45_2.13.130_BUY_M15_OOS.csv,0.1,10.0,100.0,-11596.0,0.0,-11596.0,10.0,10.0,419559.0
1284,XAUUSD,BUY,2025-04-22 01:15:00+00:00,2025-04-22 02:35:40+00:00,3432.33,3443.73,113.52,113.52,2.13.130,LIVE,OOS,0.0,0.1,0.1,LIVE_ACCOUNT,0.1,C:\Users\Leon\Desktop\QUANT\Data_Center\Data\2_Baseline\Trades\Backtest\LIVE_ACCOUNT\OOS\listOfTrades_XAUUSD_45_2.13.130_BUY_M15_OOS.csv,0.1,10.0,100.0,11352.0,0.0,11352.0,10.0,10.0,430911.0
1286,XAUUSD,BUY,2025-04-24 01:15:00+00:00,2025-04-24 03:17:40+00:00,3310.29,3321.69,113.54,113.54,2.13.130,LIVE,OOS,0.0,0.1,0.1,LIVE_ACCOUNT,0.1,C:\Users\Leon\Desktop\QUANT\Data_Center\Data\2_Baseline\Trades\Backtest\LIVE_ACCOUNT\OOS\listOfTrades_XAUUSD_45_2.13.130_BUY_M15_OOS.csv,0.1,10.0,100.0,11354.0,0.0,11354.0,10.0,10.0,442265.0
1288,XAUUSD,BUY,2025-05-02 02:00:00+00:00,2025-05-02 06:06:40+00:00,3238.18,3249.58,113.54,113.54,2.13.130,LIVE,OOS,0.0,0.1,0.1,LIVE_ACCOUNT,0.1,C:\Users\Leon\Desktop\QUANT\Data_Center\Data\2_Baseline\Trades\Backtest\LIVE_ACCOUNT\OOS\listOfTrades_XAUUSD_45_2.13.130_BUY_M15_OOS.csv,0.1,10.0,100.0,11354.0,0.0,11354.0,10.0,10.0,453619.0
1290,XAUUSD,BUY,2025-05-06 01:45:00+00:00,2025-05-06 04:01:40+00:00,3331.92,3343.32,113.54,113.54,2.13.130,LIVE,OOS,0.0,0.1,0.1,LIVE_ACCOUNT,0.1,C:\Users\Leon\Desktop\QUANT\Data_Center\Data\2_Baseline\Trades\Backtest\LIVE_ACCOUNT\OOS\listOfTrades_XAUUSD_45_2.13.130_BUY_M15_OOS.csv,0.1,10.0,100.0,11354.0,0.0,11354.0,10.0,10.0,464973.0
1292,XAUUSD,BUY,2025-05-07 21:15:00+00:00,2025-05-07 21:31:40+00:00,3395.47,3383.92,-115.98,-115.98,2.13.130,LIVE,OOS,0.0,0.1,0.1,LIVE_ACCOUNT,0.1,C:\Users\Leon\Desktop\QUANT\Data_Center\Data\2_Baseline\Trades\Backtest\LIVE_ACCOUNT\OOS\listOfTrades_XAUUSD_45_2.13.130_BUY_M15_OOS.csv,0.1,10.0,100.0,-11598.0,0.0,-11598.0,10.0,10.0,453375.0
1294,XAUUSD,BUY,2025-05-08 03:30:00+00:00,2025-05-08 04:03:40+00:00,3385.44,3396.84,113.52,113.52,2.13.130,LIVE,OOS,0.0,0.1,0.1,LIVE_ACCOUNT,0.1,C:\Users\Leon\Desktop\QUANT\Data_Center\Data\2_Baseline\Trades\Backtest\LIVE_ACCOUNT\OOS\listOfTrades_XAUUSD_45_2.13.130_BUY_M15_OOS.csv,0.1,10.0,100.0,11352.0,0.0,11352.0,10.0,10.0,464727.0
1296,XAUUSD,BUY,2025-05-09 08:00:00+00:00,2025-05-09 08:32:40+00:00,3324.86,3313.31,-115.96,-115.96,2.13.130,LIVE,OOS,0.0,0.1,0.1,LIVE_ACCOUNT,0.1,C:\Users\Leon\Desktop\QUANT\Data_Center\Data\2_Baseline\Trades\Backtest\LIVE_ACCOUNT\OOS\listOfTrades_XAUUSD_45_2.13.130_BUY_M15_OOS.csv,0.1,10.0,100.0,-11596.0,0.0,-11596.0,10.0,10.0,453131.0
1298,XAUUSD,BUY,2025-05-13 03:15:00+00:00,2025-05-13 04:28:40+00:00,3241.68,3230.13,-115.96,-115.96,2.13.130,LIVE,OOS,0.0,0.1,0.1,LIVE_ACCOUNT,0.1,C:\Users\Leon\Desktop\QUANT\Data_Center\Data\2_Baseline\Trades\Backtest\LIVE_ACCOUNT\OOS\listOfTrades_XAUUSD_45_2.13.130_BUY_M15_OOS.csv,0.1,10.0,100.0,-11596.0,0.0,-11596.0,10.0,10.0,441535.0
1300,XAUUSD,BUY,2025-05-15 12:45:00+00:00,2025-05-15 15:04:40+00:00,3168.64,3180.04,113.56,113.56,2.13.130,LIVE,OOS,0.0,0.1,0.1,LIVE_ACCOUNT,0.1,C:\Users\Leon\Desktop\QUANT\Data_Center\Data\2_Baseline\Trades\Backtest\LIVE_ACCOUNT\OOS\listOfTrades_XAUUSD_45_2.13.130_BUY_M15_OOS.csv,0.1,10.0,100.0,11356.0,0.0,11356.0,10.0,10.0,452891.0
1302,XAUUSD,BUY,2025-05-16 04:00:00+00:00,2025-05-16 04:08:40+00:00,3243.31,3231.76,-115.96,-115.96,2.13.130,LIVE,OOS,0.0,0.1,0.1,LIVE_ACCOUNT,0.1,C:\Users\Leon\Desktop\QUANT\Data_Center\Data\2_Baseline\Trades\Backtest\LIVE_ACCOUNT\OOS\listOfTrades_XAUUSD_45_2.13.130_BUY_M15_OOS.csv,0.1,10.0,100.0,-11596.0,0.0,-11596.0,10.0,10.0,441295.0
1304,XAUUSD,BUY,2025-05-20 11:45:00+00:00,2025-05-20 12:26:40+00:00,3227.88,3239.28,113.54,113.54,2.13.130,LIVE,OOS,0.0,0.1,0.1,LIVE_ACCOUNT,0.1,C:\Users\Leon\Desktop\QUANT\Data_Center\Data\2_Baseline\Trades\Backtest\LIVE_ACCOUNT\OOS\listOfTrades_XAUUSD_45_2.13.130_BUY_M15_OOS.csv,0.1,10.0,100.0,11354.0,0.0,11354.0,10.0,10.0,452649.0
1306,XAUUSD,BUY,2025-05-21 03:15:00+00:00,2025-05-21 04:00:40+00:00,3294.81,3306.21,113.54,113.54,2.13.130,LIVE,OOS,0.0,0.1,0.1,LIVE_ACCOUNT,0.1,C:\Users\Leon\Desktop\QUANT\Data_Center\Data\2_Baseline\Trades\Backtest\LIVE_ACCOUNT\OOS\listOfTrades_XAUUSD_45_2.13.130_BUY_M15_OOS.csv,0.1,10.0,100.0,11354.0,0.0,11354.0,10.0,10.0,464003.0
1308,XAUUSD,BUY,2025-05-22 04:15:00+00:00,2025-05-22 04:25:40+00:00,3327.47,3338.87,113.54,113.54,2.13.130,LIVE,OOS,0.0,0.1,0.1,LIVE_ACCOUNT,0.1,C:\Users\Leon\Desktop\QUANT\Data_Center\Data\2_Baseline\Trades\Backtest\LIVE_ACCOUNT\OOS\listOfTrades_XAUUSD_45_2.13.130_BUY_M15_OOS.csv,0.1,10.0,100.0,11354.0,0.0,11354.0,10.0,10.0,475357.0
1310,XAUUSD,BUY,2025-05-23 03:30:00+00:00,2025-05-23 03:51:40+00:00,3303.41,3291.86,-115.96,-115.96,2.13.130,LIVE,OOS,0.0,0.1,0.1,LIVE_ACCOUNT,0.1,C:\Users\Leon\Desktop\QUANT\Data_Center\Data\2_Baseline\Trades\Backtest\LIVE_ACCOUNT\OOS\listOfTrades_XAUUSD_45_2.13.130_BUY_M15_OOS.csv,0.1,10.0,100.0,-11596.0,0.0,-11596.0,10.0,10.0,463761.0
1312,XAUUSD,BUY,2025-05-27 01:15:00+00:00,2025-05-27 04:44:40+00:00,3343.86,3332.31,-115.96,-115.96,2.13.130,LIVE,OOS,0.0,0.1,0.1,LIVE_ACCOUNT,0.1,C:\Users\Leon\Desktop\QUANT\Data_Center\Data\2_Baseline\Trades\Backtest\LIVE_ACCOUNT\OOS\listOfTrades_XAUUSD_45_2.13.130_BUY_M15_OOS.csv,0.1,10.0,100.0,-11596.0,0.0,-11596.0,10.0,10.0,452165.0
1314,XAUUSD,BUY,2025-05-28 02:30:00+00:00,2025-05-28 06:20:40+00:00,3308.8,3297.25,-115.96,-115.96,2.13.130,LIVE,OOS,0.0,0.1,0.1,LIVE_ACCOUNT,0.1,C:\Users\Leon\Desktop\QUANT\Data_Center\Data\2_Baseline\Trades\Backtest\LIVE_ACCOUNT\OOS\listOfTrades_XAUUSD_45_2.13.130_BUY_M15_OOS.csv,0.1,10.0,100.0,-11596.0,0.0,-11596.0,10.0,10.0,440569.0
1316,XAUUSD,BUY,2025-05-29 11:00:00+00:00,2025-05-29 13:28:40+00:00,3286.47,3297.87,113.54,113.54,2.13.130,LIVE,OOS,0.0,0.1,0.1,LIVE_ACCOUNT,0.1,C:\Users\Leon\Desktop\QUANT\Data_Center\Data\2_Baseline\Trades\Backtest\LIVE_ACCOUNT\OOS\listOfTrades_XAUUSD_45_2.13.130_BUY_M15_OOS.csv,0.1,10.0,100.0,11354.0,0.0,11354.0,10.0,10.0,451923.0
1318,XAUUSD,BUY,2025-06-04 02:15:00+00:00,2025-06-04 04:00:40+00:00,3360.52,3348.97,-115.97,-115.97,2.13.130,LIVE,OOS,0.0,0.1,0.1,LIVE_ACCOUNT,0.1,C:\Users\Leon\Desktop\QUANT\Data_Center\Data\2_Baseline\Trades\Backtest\LIVE_ACCOUNT\OOS\listOfTrades_XAUUSD_45_2.13.130_BUY_M15_OOS.csv,0.1,10.0,100.0,-11597.0,0.0,-11597.0,10.0,10.0,440326.0
1320,XAUUSD,BUY,2025-06-05 02:30:00+00:00,2025-06-05 07:16:40+00:00,3378.89,3367.34,-115.98,-115.98,2.13.130,LIVE,OOS,0.0,0.1,0.1,LIVE_ACCOUNT,0.1,C:\Users\Leon\Desktop\QUANT\Data_Center\Data\2_Baseline\Trades\Backtest\LIVE_ACCOUNT\OOS\listOfTrades_XAUUSD_45_2.13.130_BUY_M15_OOS.csv,0.1,10.0,100.0,-11598.0,0.0,-11598.0,10.0,10.0,428728.0
1322,XAUUSD,BUY,2025-06-13 03:00:00+00:00,2025-06-13 03:07:40+00:00,3395.86,3407.26,113.52,113.52,2.13.130,LIVE,OOS,0.0,0.1,0.1,LIVE_ACCOUNT,0.1,C:\Users\Leon\Desktop\QUANT\Data_Center\Data\2_Baseline\Trades\Backtest\LIVE_ACCOUNT\OOS\listOfTrades_XAUUSD_45_2.13.130_BUY_M15_OOS.csv,0.1,10.0,100.0,11352.0,0.0,11352.0,10.0,10.0,440080.0
1324,XAUUSD,BUY,2025-06-17 03:00:00+00:00,2025-06-17 03:55:40+00:00,3403.06,3391.51,-115.98,-115.98,2.13.130,LIVE,OOS,0.0,0.1,0.1,LIVE_ACCOUNT,0.1,C:\Users\Leon\Desktop\QUANT\Data_Center\Data\2_Baseline\Trades\Backtest\LIVE_ACCOUNT\OOS\listOfTrades_XAUUSD_45_2.13.130_BUY_M15_OOS.csv,0.1,10.0,100.0,-11598.0,0.0,-11598.0,10.0,10.0,428482.0
1326,XAUUSD,BUY,2025-06-18 01:15:00+00:00,2025-06-18 04:42:40+00:00,3393.84,3382.29,-115.98,-115.98,2.13.130,LIVE,OOS,0.0,0.1,0.1,LIVE_ACCOUNT,0.1,C:\Users\Leon\Desktop\QUANT\Data_Center\Data\2_Baseline\Trades\Backtest\LIVE_ACCOUNT\OOS\listOfTrades_XAUUSD_45_2.13.130_BUY_M15_OOS.csv,0.1,10.0,100.0,-11598.0,0.0,-11598.0,10.0,10.0,416884.0
1328,XAUUSD,BUY,2025-06-20 16:45:00+00:00,2025-06-20 23:45:00+00:00,3364.43,3368.49,40.12,40.12,2.13.130,LIVE,OOS,0.0,0.1,0.1,LIVE_ACCOUNT,0.1,C:\Users\Leon\Desktop\QUANT\Data_Center\Data\2_Baseline\Trades\Backtest\LIVE_ACCOUNT\OOS\listOfTrades_XAUUSD_45_2.13.130_BUY_M15_OOS.csv,0.1,10.0,100.0,4011.9999999999995,0.0,4011.9999999999995,10.0,10.0,420896.0
1330,XAUUSD,BUY,2025-06-25 03:15:00+00:00,2025-06-25 16:10:40+00:00,3326.82,3315.27,-115.96,-115.96,2.13.130,LIVE,OOS,0.0,0.1,0.1,LIVE_ACCOUNT,0.1,C:\Users\Leon\Desktop\QUANT\Data_Center\Data\2_Baseline\Trades\Backtest\LIVE_ACCOUNT\OOS\listOfTrades_XAUUSD_45_2.13.130_BUY_M15_OOS.csv,0.1,10.0,100.0,-11596.0,0.0,-11596.0,10.0,10.0,409300.0
1332,XAUUSD,BUY,2025-06-26 02:15:00+00:00,2025-06-26 11:56:40+00:00,3337.35,3348.75,113.54,113.54,2.13.130,LIVE,OOS,0.0,0.1,0.1,LIVE_ACCOUNT,0.1,C:\Users\Leon\Desktop\QUANT\Data_Center\Data\2_Baseline\Trades\Backtest\LIVE_ACCOUNT\OOS\listOfTrades_XAUUSD_45_2.13.130_BUY_M15_OOS.csv,0.1,10.0,100.0,11354.0,0.0,11354.0,10.0,10.0,420654.0
1334,XAUUSD,BUY,2025-07-01 01:15:00+00:00,2025-07-01 04:04:40+00:00,3304.47,3315.87,113.54,113.54,2.13.130,LIVE,OOS,0.0,0.1,0.1,LIVE_ACCOUNT,0.1,C:\Users\Leon\Desktop\QUANT\Data_Center\Data\2_Baseline\Trades\Backtest\LIVE_ACCOUNT\OOS\listOfTrades_XAUUSD_45_2.13.130_BUY_M15_OOS.csv,0.1,10.0,100.0,11354.0,0.0,11354.0,10.0,10.0,432008.0
1336,XAUUSD,BUY,2025-07-02 08:30:00+00:00,2025-07-02 09:47:40+00:00,3343.12,3331.57,-115.96,-115.96,2.13.130,LIVE,OOS,0.0,0.1,0.1,LIVE_ACCOUNT,0.1,C:\Users\Leon\Desktop\QUANT\Data_Center\Data\2_Baseline\Trades\Backtest\LIVE_ACCOUNT\OOS\listOfTrades_XAUUSD_45_2.13.130_BUY_M15_OOS.csv,0.1,10.0,100.0,-11596.0,0.0,-11596.0,10.0,10.0,420412.0
1338,XAUUSD,BUY,2025-07-03 09:00:00+00:00,2025-07-03 12:36:40+00:00,3359.55,3348.0,-115.97,-115.97,2.13.130,LIVE,OOS,0.0,0.1,0.1,LIVE_ACCOUNT,0.1,C:\Users\Leon\Desktop\QUANT\Data_Center\Data\2_Baseline\Trades\Backtest\LIVE_ACCOUNT\OOS\listOfTrades_XAUUSD_45_2.13.130_BUY_M15_OOS.csv,0.1,10.0,100.0,-11597.0,0.0,-11597.0,10.0,10.0,408815.0
1340,XAUUSD,BUY,2025-07-04 06:45:00+00:00,2025-07-07 01:05:00+00:00,3337.91,3341.37,24.54,24.54,2.13.130,LIVE,OOS,0.0,0.1,0.1,LIVE_ACCOUNT,0.1,C:\Users\Leon\Desktop\QUANT\Data_Center\Data\2_Baseline\Trades\Backtest\LIVE_ACCOUNT\OOS\listOfTrades_XAUUSD_45_2.13.130_BUY_M15_OOS.csv,0.1,10.0,100.0,2454.0,0.0,2454.0,10.0,10.0,411269.0
1342,XAUUSD,BUY,2025-07-09 16:15:00+00:00,2025-07-09 17:34:40+00:00,3298.21,3309.61,113.54,113.54,2.13.130,LIVE,OOS,0.0,0.1,0.1,LIVE_ACCOUNT,0.1,C:\Users\Leon\Desktop\QUANT\Data_Center\Data\2_Baseline\Trades\Backtest\LIVE_ACCOUNT\OOS\listOfTrades_XAUUSD_45_2.13.130_BUY_M15_OOS.csv,0.1,10.0,100.0,11354.0,0.0,11354.0,10.0,10.0,422623.0
1344,XAUUSD,BUY,2025-07-10 01:15:00+00:00,2025-07-10 10:08:40+00:00,3317.68,3329.08,113.54,113.54,2.13.130,LIVE,OOS,0.0,0.1,0.1,LIVE_ACCOUNT,0.1,C:\Users\Leon\Desktop\QUANT\Data_Center\Data\2_Baseline\Trades\Backtest\LIVE_ACCOUNT\OOS\listOfTrades_XAUUSD_45_2.13.130_BUY_M15_OOS.csv,0.1,10.0,100.0,11354.0,0.0,11354.0,10.0,10.0,433977.0
1346,XAUUSD,BUY,2025-07-11 01:15:00+00:00,2025-07-11 08:23:40+00:00,3325.6,3337.0,113.54,113.54,2.13.130,LIVE,OOS,0.0,0.1,0.1,LIVE_ACCOUNT,0.1,C:\Users\Leon\Desktop\QUANT\Data_Center\Data\2_Baseline\Trades\Backtest\LIVE_ACCOUNT\OOS\listOfTrades_XAUUSD_45_2.13.130_BUY_M15_OOS.csv,0.1,10.0,100.0,11354.0,0.0,11354.0,10.0,10.0,445331.0
1348,XAUUSD,BUY,2025-07-15 06:15:00+00:00,2025-07-15 13:05:40+00:00,3354.41,3365.81,113.53,113.53,2.13.130,LIVE,OOS,0.0,0.1,0.1,LIVE_ACCOUNT,0.1,C:\Users\Leon\Desktop\QUANT\Data_Center\Data\2_Baseline\Trades\Backtest\LIVE_ACCOUNT\OOS\listOfTrades_XAUUSD_45_2.13.130_BUY_M15_OOS.csv,0.1,10.0,100.0,11353.0,0.0,11353.0,10.0,10.0,456684.0
1350,XAUUSD,BUY,2025-07-16 07:45:00+00:00,2025-07-16 16:48:40+00:00,3336.71,3325.16,-115.96,-115.96,2.13.130,LIVE,OOS,0.0,0.1,0.1,LIVE_ACCOUNT,0.1,C:\Users\Leon\Desktop\QUANT\Data_Center\Data\2_Baseline\Trades\Backtest\LIVE_ACCOUNT\OOS\listOfTrades_XAUUSD_45_2.13.130_BUY_M15_OOS.csv,0.1,10.0,100.0,-11596.0,0.0,-11596.0,10.0,10.0,445088.0
1352,XAUUSD,BUY,2025-07-17 18:30:00+00:00,2025-07-17 23:45:00+00:00,3337.38,3338.03,6.04,6.04,2.13.130,LIVE,OOS,0.0,0.1,0.1,LIVE_ACCOUNT,0.1,C:\Users\Leon\Desktop\QUANT\Data_Center\Data\2_Baseline\Trades\Backtest\LIVE_ACCOUNT\OOS\listOfTrades_XAUUSD_45_2.13.130_BUY_M15_OOS.csv,0.1,10.0,100.0,604.0,0.0,604.0,10.0,10.0,445692.0
1354,XAUUSD,BUY,2025-07-22 01:15:00+00:00,2025-07-22 04:41:40+00:00,3399.33,3387.78,-115.98,-115.98,2.13.130,LIVE,OOS,0.0,0.1,0.1,LIVE_ACCOUNT,0.1,C:\Users\Leon\Desktop\QUANT\Data_Center\Data\2_Baseline\Trades\Backtest\LIVE_ACCOUNT\OOS\listOfTrades_XAUUSD_45_2.13.130_BUY_M15_OOS.csv,0.1,10.0,100.0,-11598.0,0.0,-11598.0,10.0,10.0,434094.0
1356,XAUUSD,BUY,2025-07-23 01:15:00+00:00,2025-07-23 08:42:40+00:00,3430.39,3418.84,-115.98,-115.98,2.13.130,LIVE,OOS,0.0,0.1,0.1,LIVE_ACCOUNT,0.1,C:\Users\Leon\Desktop\QUANT\Data_Center\Data\2_Baseline\Trades\Backtest\LIVE_ACCOUNT\OOS\listOfTrades_XAUUSD_45_2.13.130_BUY_M15_OOS.csv,0.1,10.0,100.0,-11598.0,0.0,-11598.0,10.0,10.0,422496.0
1358,XAUUSD,BUY,2025-07-24 17:45:00+00:00,2025-07-24 23:45:00+00:00,3376.6,3368.13,-85.18,-85.18,2.13.130,LIVE,OOS,0.0,0.1,0.1,LIVE_ACCOUNT,0.1,C:\Users\Leon\Desktop\QUANT\Data_Center\Data\2_Baseline\Trades\Backtest\LIVE_ACCOUNT\OOS\listOfTrades_XAUUSD_45_2.13.130_BUY_M15_OOS.csv,0.1,10.0,100.0,-8518.0,0.0,-8518.0,10.0,10.0,413978.0
1360,XAUUSD,BUY,2025-07-29 04:45:00+00:00,2025-07-29 18:05:00+00:00,3319.95,3331.35,113.54,113.54,2.13.130,LIVE,OOS,0.0,0.1,0.1,LIVE_ACCOUNT,0.1,C:\Users\Leon\Desktop\QUANT\Data_Center\Data\2_Baseline\Trades\Backtest\LIVE_ACCOUNT\OOS\listOfTrades_XAUUSD_45_2.13.130_BUY_M15_OOS.csv,0.1,10.0,100.0,11354.0,0.0,11354.0,10.0,10.0,425332.0
1362,XAUUSD,BUY,2025-07-31 05:00:00+00:00,2025-07-31 10:45:40+00:00,3294.14,3305.54,113.54,113.54,2.13.130,LIVE,OOS,0.0,0.1,0.1,LIVE_ACCOUNT,0.1,C:\Users\Leon\Desktop\QUANT\Data_Center\Data\2_Baseline\Trades\Backtest\LIVE_ACCOUNT\OOS\listOfTrades_XAUUSD_45_2.13.130_BUY_M15_OOS.csv,0.1,10.0,100.0,11354.0,0.0,11354.0,10.0,10.0,436686.0
1364,XAUUSD,BUY,2025-08-01 14:00:00+00:00,2025-08-01 15:30:40+00:00,3298.49,3309.89,113.54,113.54,2.13.130,LIVE,OOS,0.0,0.1,0.1,LIVE_ACCOUNT,0.1,C:\Users\Leon\Desktop\QUANT\Data_Center\Data\2_Baseline\Trades\Backtest\LIVE_ACCOUNT\OOS\listOfTrades_XAUUSD_45_2.13.130_BUY_M15_OOS.csv,0.1,10.0,100.0,11354.0,0.0,11354.0,10.0,10.0,448040.0
1366,XAUUSD,BUY,2025-08-05 02:15:00+00:00,2025-08-05 09:41:40+00:00,3378.92,3367.37,-115.98,-115.98,2.13.130,LIVE,OOS,0.0,0.1,0.1,LIVE_ACCOUNT,0.1,C:\Users\Leon\Desktop\QUANT\Data_Center\Data\2_Baseline\Trades\Backtest\LIVE_ACCOUNT\OOS\listOfTrades_XAUUSD_45_2.13.130_BUY_M15_OOS.csv,0.1,10.0,100.0,-11598.0,0.0,-11598.0,10.0,10.0,436442.0
1368,XAUUSD,BUY,2025-08-06 02:45:00+00:00,2025-08-06 08:10:40+00:00,3382.91,3371.36,-115.98,-115.98,2.13.130,LIVE,OOS,0.0,0.1,0.1,LIVE_ACCOUNT,0.1,C:\Users\Leon\Desktop\QUANT\Data_Center\Data\2_Baseline\Trades\Backtest\LIVE_ACCOUNT\OOS\listOfTrades_XAUUSD_45_2.13.130_BUY_M15_OOS.csv,0.1,10.0,100.0,-11598.0,0.0,-11598.0,10.0,10.0,424844.0
1370,XAUUSD,BUY,2025-08-07 04:15:00+00:00,2025-08-07 10:00:00+00:00,3376.59,3387.99,113.52,113.52,2.13.130,LIVE,OOS,0.0,0.1,0.1,LIVE_ACCOUNT,0.1,C:\Users\Leon\Desktop\QUANT\Data_Center\Data\2_Baseline\Trades\Backtest\LIVE_ACCOUNT\OOS\listOfTrades_XAUUSD_45_2.13.130_BUY_M15_OOS.csv,0.1,10.0,100.0,11352.0,0.0,11352.0,10.0,10.0,436196.0
1372,XAUUSD,BUY,2025-08-08 01:45:00+00:00,2025-08-08 03:28:40+00:00,3402.55,3391.0,-115.98,-115.98,2.13.130,LIVE,OOS,0.0,0.1,0.1,LIVE_ACCOUNT,0.1,C:\Users\Leon\Desktop\QUANT\Data_Center\Data\2_Baseline\Trades\Backtest\LIVE_ACCOUNT\OOS\listOfTrades_XAUUSD_45_2.13.130_BUY_M15_OOS.csv,0.1,10.0,100.0,-11598.0,0.0,-11598.0,10.0,10.0,424598.0
1374,XAUUSD,BUY,2025-08-12 04:15:00+00:00,2025-08-12 09:16:40+00:00,3356.61,3345.06,-115.96,-115.96,2.13.130,LIVE,OOS,0.0,0.1,0.1,LIVE_ACCOUNT,0.1,C:\Users\Leon\Desktop\QUANT\Data_Center\Data\2_Baseline\Trades\Backtest\LIVE_ACCOUNT\OOS\listOfTrades_XAUUSD_45_2.13.130_BUY_M15_OOS.csv,0.1,10.0,100.0,-11596.0,0.0,-11596.0,10.0,10.0,413002.0
1376,XAUUSD,BUY,2025-08-13 10:00:00+00:00,2025-08-13 17:06:40+00:00,3357.25,3368.65,113.52,113.52,2.13.130,LIVE,OOS,0.0,0.1,0.1,LIVE_ACCOUNT,0.1,C:\Users\Leon\Desktop\QUANT\Data_Center\Data\2_Baseline\Trades\Backtest\LIVE_ACCOUNT\OOS\listOfTrades_XAUUSD_45_2.13.130_BUY_M15_OOS.csv,0.1,10.0,100.0,11352.0,0.0,11352.0,10.0,10.0,424354.0
1378,XAUUSD,BUY,2025-08-14 02:30:00+00:00,2025-08-14 03:27:40+00:00,3361.09,3372.49,113.52,113.52,2.13.130,LIVE,OOS,0.0,0.1,0.1,LIVE_ACCOUNT,0.1,C:\Users\Leon\Desktop\QUANT\Data_Center\Data\2_Baseline\Trades\Backtest\LIVE_ACCOUNT\OOS\listOfTrades_XAUUSD_45_2.13.130_BUY_M15_OOS.csv,0.1,10.0,100.0,11352.0,0.0,11352.0,10.0,10.0,435706.0
1380,XAUUSD,BUY,2025-08-15 06:15:00+00:00,2025-08-15 23:45:00+00:00,3341.26,3335.93,-53.76,-53.76,2.13.130,LIVE,OOS,0.0,0.1,0.1,LIVE_ACCOUNT,0.1,C:\Users\Leon\Desktop\QUANT\Data_Center\Data\2_Baseline\Trades\Backtest\LIVE_ACCOUNT\OOS\listOfTrades_XAUUSD_45_2.13.130_BUY_M15_OOS.csv,0.1,10.0,100.0,-5376.0,0.0,-5376.0,10.0,10.0,430330.0
1382,XAUUSD,BUY,2025-08-20 09:00:00+00:00,2025-08-20 15:12:40+00:00,3323.55,3334.95,113.54,113.54,2.13.130,LIVE,OOS,0.0,0.1,0.1,LIVE_ACCOUNT,0.1,C:\Users\Leon\Desktop\QUANT\Data_Center\Data\2_Baseline\Trades\Backtest\LIVE_ACCOUNT\OOS\listOfTrades_XAUUSD_45_2.13.130_BUY_M15_OOS.csv,0.1,10.0,100.0,11354.0,0.0,11354.0,10.0,10.0,441684.0
1384,XAUUSD,BUY,2025-08-26 03:30:00+00:00,2025-08-26 18:56:40+00:00,3377.56,3388.96,113.52,113.52,2.13.130,LIVE,OOS,0.0,0.1,0.1,LIVE_ACCOUNT,0.1,C:\Users\Leon\Desktop\QUANT\Data_Center\Data\2_Baseline\Trades\Backtest\LIVE_ACCOUNT\OOS\listOfTrades_XAUUSD_45_2.13.130_BUY_M15_OOS.csv,0.1,10.0,100.0,11352.0,0.0,11352.0,10.0,10.0,453036.0
1386,XAUUSD,BUY,2025-08-28 16:45:00+00:00,2025-08-28 19:49:40+00:00,3406.15,3417.55,113.52,113.52,2.13.130,LIVE,OOS,0.0,0.1,0.1,LIVE_ACCOUNT,0.1,C:\Users\Leon\Desktop\QUANT\Data_Center\Data\2_Baseline\Trades\Backtest\LIVE_ACCOUNT\OOS\listOfTrades_XAUUSD_45_2.13.130_BUY_M15_OOS.csv,0.1,10.0,100.0,11352.0,0.0,11352.0,10.0,10.0,464388.0
1388,XAUUSD,BUY,2025-08-29 16:00:00+00:00,2025-08-29 16:58:40+00:00,3416.71,3428.11,113.52,113.52,2.13.130,LIVE,OOS,0.0,0.1,0.1,LIVE_ACCOUNT,0.1,C:\Users\Leon\Desktop\QUANT\Data_Center\Data\2_Baseline\Trades\Backtest\LIVE_ACCOUNT\OOS\listOfTrades_XAUUSD_45_2.13.130_BUY_M15_OOS.csv,0.1,10.0,100.0,11352.0,0.0,11352.0,10.0,10.0,475740.0
1390,XAUUSD,BUY,2025-09-02 03:15:00+00:00,2025-09-02 04:17:40+00:00,3481.21,3492.61,113.52,113.52,2.13.130,LIVE,OOS,0.0,0.1,0.1,LIVE_ACCOUNT,0.1,C:\Users\Leon\Desktop\QUANT\Data_Center\Data\2_Baseline\Trades\Backtest\LIVE_ACCOUNT\OOS\listOfTrades_XAUUSD_45_2.13.130_BUY_M15_OOS.csv,0.1,10.0,100.0,11352.0,0.0,11352.0,10.0,10.0,487092.0
1392,XAUUSD,BUY,2025-09-03 03:30:00+00:00,2025-09-03 14:33:40+00:00,3537.19,3548.59,113.5,113.5,2.13.130,LIVE,OOS,0.0,0.1,0.1,LIVE_ACCOUNT,0.1,C:\Users\Leon\Desktop\QUANT\Data_Center\Data\2_Baseline\Trades\Backtest\LIVE_ACCOUNT\OOS\listOfTrades_XAUUSD_45_2.13.130_BUY_M15_OOS.csv,0.1,10.0,100.0,11350.0,0.0,11350.0,10.0,10.0,498442.0
1394,XAUUSD,BUY,2025-09-04 16:30:00+00:00,2025-09-04 17:00:40+00:00,3552.96,3541.41,-116.0,-116.0,2.13.130,LIVE,OOS,0.0,0.1,0.1,LIVE_ACCOUNT,0.1,C:\Users\Leon\Desktop\QUANT\Data_Center\Data\2_Baseline\Trades\Backtest\LIVE_ACCOUNT\OOS\listOfTrades_XAUUSD_45_2.13.130_BUY_M15_OOS.csv,0.1,10.0,100.0,-11600.0,0.0,-11600.0,10.0,10.0,486842.0
1396,XAUUSD,BUY,2025-09-05 03:00:00+00:00,2025-09-05 15:30:40+00:00,3552.81,3564.21,113.5,113.5,2.13.130,LIVE,OOS,0.0,0.1,0.1,LIVE_ACCOUNT,0.1,C:\Users\Leon\Desktop\QUANT\Data_Center\Data\2_Baseline\Trades\Backtest\LIVE_ACCOUNT\OOS\listOfTrades_XAUUSD_45_2.13.130_BUY_M15_OOS.csv,0.1,10.0,100.0,11350.0,0.0,11350.0,10.0,10.0,498192.0
1398,XAUUSD,BUY,2025-09-09 04:15:00+00:00,2025-09-09 05:09:40+00:00,3639.98,3651.38,113.49,113.49,2.13.130,LIVE,OOS,0.0,0.1,0.1,LIVE_ACCOUNT,0.1,C:\Users\Leon\Desktop\QUANT\Data_Center\Data\2_Baseline\Trades\Backtest\LIVE_ACCOUNT\OOS\listOfTrades_XAUUSD_45_2.13.130_BUY_M15_OOS.csv,0.1,10.0,100.0,11349.0,0.0,11349.0,10.0,10.0,509541.0
1400,XAUUSD,BUY,2025-09-10 07:45:00+00:00,2025-09-10 12:47:40+00:00,3642.32,3653.72,113.49,113.49,2.13.130,LIVE,OOS,0.0,0.1,0.1,LIVE_ACCOUNT,0.1,C:\Users\Leon\Desktop\QUANT\Data_Center\Data\2_Baseline\Trades\Backtest\LIVE_ACCOUNT\OOS\listOfTrades_XAUUSD_45_2.13.130_BUY_M15_OOS.csv,0.1,10.0,100.0,11349.0,0.0,11349.0,10.0,10.0,520890.0
1402,XAUUSD,BUY,2025-09-11 04:30:00+00:00,2025-09-11 05:30:40+00:00,3648.65,3637.1,-116.01,-116.01,2.13.130,LIVE,OOS,0.0,0.1,0.1,LIVE_ACCOUNT,0.1,C:\Users\Leon\Desktop\QUANT\Data_Center\Data\2_Baseline\Trades\Backtest\LIVE_ACCOUNT\OOS\listOfTrades_XAUUSD_45_2.13.130_BUY_M15_OOS.csv,0.1,10.0,100.0,-11601.0,0.0,-11601.0,10.0,10.0,509289.0
1404,XAUUSD,BUY,2025-09-12 04:15:00+00:00,2025-09-12 07:23:20+00:00,3643.06,3654.46,113.48,113.48,2.13.130,LIVE,OOS,0.0,0.1,0.1,LIVE_ACCOUNT,0.1,C:\Users\Leon\Desktop\QUANT\Data_Center\Data\2_Baseline\Trades\Backtest\LIVE_ACCOUNT\OOS\listOfTrades_XAUUSD_45_2.13.130_BUY_M15_OOS.csv,0.1,10.0,100.0,11348.0,0.0,11348.0,10.0,10.0,520637.0
1406,XAUUSD,BUY,2025-09-16 03:30:00+00:00,2025-09-16 11:14:40+00:00,3684.01,3695.41,113.48,113.48,2.13.130,LIVE,OOS,0.0,0.1,0.1,LIVE_ACCOUNT,0.1,C:\Users\Leon\Desktop\QUANT\Data_Center\Data\2_Baseline\Trades\Backtest\LIVE_ACCOUNT\OOS\listOfTrades_XAUUSD_45_2.13.130_BUY_M15_OOS.csv,0.1,10.0,100.0,11348.0,0.0,11348.0,10.0,10.0,531985.0
1408,XAUUSD,BUY,2025-09-17 16:00:00+00:00,2025-09-17 21:00:20+00:00,3678.9,3690.3,113.48,113.48,2.13.130,LIVE,OOS,0.0,0.1,0.1,LIVE_ACCOUNT,0.1,C:\Users\Leon\Desktop\QUANT\Data_Center\Data\2_Baseline\Trades\Backtest\LIVE_ACCOUNT\OOS\listOfTrades_XAUUSD_45_2.13.130_BUY_M15_OOS.csv,0.1,10.0,100.0,11348.0,0.0,11348.0,10.0,10.0,543333.0
1410,XAUUSD,BUY,2025-09-18 12:00:00+00:00,2025-09-18 16:25:40+00:00,3665.67,3654.12,-116.02,-116.02,2.13.130,LIVE,OOS,0.0,0.1,0.1,LIVE_ACCOUNT,0.1,C:\Users\Leon\Desktop\QUANT\Data_Center\Data\2_Baseline\Trades\Backtest\LIVE_ACCOUNT\OOS\listOfTrades_XAUUSD_45_2.13.130_BUY_M15_OOS.csv,0.1,10.0,100.0,-11602.0,0.0,-11602.0,10.0,10.0,531731.0
1412,XAUUSD,BUY,2025-09-19 04:15:00+00:00,2025-09-19 04:50:40+00:00,3648.63,3637.08,-116.01,-116.01,2.13.130,LIVE,OOS,0.0,0.1,0.1,LIVE_ACCOUNT,0.1,C:\Users\Leon\Desktop\QUANT\Data_Center\Data\2_Baseline\Trades\Backtest\LIVE_ACCOUNT\OOS\listOfTrades_XAUUSD_45_2.13.130_BUY_M15_OOS.csv,0.1,10.0,100.0,-11601.0,0.0,-11601.0,10.0,10.0,520130.0
1414,XAUUSD,BUY,2025-09-23 03:00:00+00:00,2025-09-23 11:29:40+00:00,3748.0,3759.4,113.48,113.48,2.13.130,LIVE,OOS,0.0,0.1,0.1,LIVE_ACCOUNT,0.1,C:\Users\Leon\Desktop\QUANT\Data_Center\Data\2_Baseline\Trades\Backtest\LIVE_ACCOUNT\OOS\listOfTrades_XAUUSD_45_2.13.130_BUY_M15_OOS.csv,0.1,10.0,100.0,11348.0,0.0,11348.0,10.0,10.0,531478.0
1416,XAUUSD,BUY,2025-09-24 08:15:00+00:00,2025-09-24 16:46:20+00:00,3771.08,3759.53,-116.02,-116.02,2.13.130,LIVE,OOS,0.0,0.1,0.1,LIVE_ACCOUNT,0.1,C:\Users\Leon\Desktop\QUANT\Data_Center\Data\2_Baseline\Trades\Backtest\LIVE_ACCOUNT\OOS\listOfTrades_XAUUSD_45_2.13.130_BUY_M15_OOS.csv,0.1,10.0,100.0,-11602.0,0.0,-11602.0,10.0,10.0,519876.0
1418,XAUUSD,BUY,2025-09-25 03:15:00+00:00,2025-09-25 04:39:20+00:00,3750.16,3738.61,-116.02,-116.02,2.13.130,LIVE,OOS,0.0,0.1,0.1,LIVE_ACCOUNT,0.1,C:\Users\Leon\Desktop\QUANT\Data_Center\Data\2_Baseline\Trades\Backtest\LIVE_ACCOUNT\OOS\listOfTrades_XAUUSD_45_2.13.130_BUY_M15_OOS.csv,0.1,10.0,100.0,-11602.0,0.0,-11602.0,10.0,10.0,508274.0
1420,XAUUSD,BUY,2025-09-26 20:15:00+00:00,2025-09-26 22:50:40+00:00,3778.34,3766.79,-116.02,-116.02,2.13.130,LIVE,OOS,0.0,0.1,0.1,LIVE_ACCOUNT,0.1,C:\Users\Leon\Desktop\QUANT\Data_Center\Data\2_Baseline\Trades\Backtest\LIVE_ACCOUNT\OOS\listOfTrades_XAUUSD_45_2.13.130_BUY_M15_OOS.csv,0.1,10.0,100.0,-11602.0,0.0,-11602.0,10.0,10.0,496672.0
1422,XAUUSD,BUY,2025-09-30 03:15:00+00:00,2025-09-30 04:36:20+00:00,3838.72,3850.12,113.46,113.46,2.13.130,LIVE,OOS,0.0,0.1,0.1,LIVE_ACCOUNT,0.1,C:\Users\Leon\Desktop\QUANT\Data_Center\Data\2_Baseline\Trades\Backtest\LIVE_ACCOUNT\OOS\listOfTrades_XAUUSD_45_2.13.130_BUY_M15_OOS.csv,0.1,10.0,100.0,11346.0,0.0,11346.0,10.0,10.0,508018.0
1424,XAUUSD,BUY,2025-10-01 01:45:00+00:00,2025-10-01 05:04:40+00:00,3859.34,3870.74,113.46,113.46,2.13.130,LIVE,OOS,0.0,0.1,0.1,LIVE_ACCOUNT,0.1,C:\Users\Leon\Desktop\QUANT\Data_Center\Data\2_Baseline\Trades\Backtest\LIVE_ACCOUNT\OOS\listOfTrades_XAUUSD_45_2.13.130_BUY_M15_OOS.csv,0.1,10.0,100.0,11346.0,0.0,11346.0,10.0,10.0,519364.0
1426,XAUUSD,BUY,2025-10-02 12:45:00+00:00,2025-10-02 15:06:40+00:00,3877.98,3889.38,113.46,113.46,2.13.130,LIVE,OOS,0.0,0.1,0.1,LIVE_ACCOUNT,0.1,C:\Users\Leon\Desktop\QUANT\Data_Center\Data\2_Baseline\Trades\Backtest\LIVE_ACCOUNT\OOS\listOfTrades_XAUUSD_45_2.13.130_BUY_M15_OOS.csv,0.1,10.0,100.0,11346.0,0.0,11346.0,10.0,10.0,530710.0
1428,XAUUSD,BUY,2025-10-03 02:45:00+00:00,2025-10-03 04:27:00+00:00,3862.13,3850.58,-116.04,-116.04,2.13.130,LIVE,OOS,0.0,0.1,0.1,LIVE_ACCOUNT,0.1,C:\Users\Leon\Desktop\QUANT\Data_Center\Data\2_Baseline\Trades\Backtest\LIVE_ACCOUNT\OOS\listOfTrades_XAUUSD_45_2.13.130_BUY_M15_OOS.csv,0.1,10.0,100.0,-11604.0,0.0,-11604.0,10.0,10.0,519106.0
1430,XAUUSD,BUY,2025-10-07 01:15:00+00:00,2025-10-07 01:40:40+00:00,3971.25,3959.7,-116.06,-116.06,2.13.130,LIVE,OOS,0.0,0.1,0.1,LIVE_ACCOUNT,0.1,C:\Users\Leon\Desktop\QUANT\Data_Center\Data\2_Baseline\Trades\Backtest\LIVE_ACCOUNT\OOS\listOfTrades_XAUUSD_45_2.13.130_BUY_M15_OOS.csv,0.1,10.0,100.0,-11606.0,0.0,-11606.0,10.0,10.0,507500.0
1432,XAUUSD,BUY,2025-10-08 01:15:00+00:00,2025-10-08 04:59:40+00:00,3988.77,4000.17,113.44,113.44,2.13.130,LIVE,OOS,0.0,0.1,0.1,LIVE_ACCOUNT,0.1,C:\Users\Leon\Desktop\QUANT\Data_Center\Data\2_Baseline\Trades\Backtest\LIVE_ACCOUNT\OOS\listOfTrades_XAUUSD_45_2.13.130_BUY_M15_OOS.csv,0.1,10.0,100.0,11344.0,0.0,11344.0,10.0,10.0,518844.0
1434,XAUUSD,BUY,2025-10-09 12:15:00+00:00,2025-10-09 15:56:40+00:00,4040.55,4051.95,113.44,113.44,2.13.130,LIVE,OOS,0.0,0.1,0.1,LIVE_ACCOUNT,0.1,C:\Users\Leon\Desktop\QUANT\Data_Center\Data\2_Baseline\Trades\Backtest\LIVE_ACCOUNT\OOS\listOfTrades_XAUUSD_45_2.13.130_BUY_M15_OOS.csv,0.1,10.0,100.0,11344.0,0.0,11344.0,10.0,10.0,530188.0
1436,XAUUSD,BUY,2025-10-10 11:15:00+00:00,2025-10-10 12:13:40+00:00,3988.15,3999.55,113.44,113.44,2.13.130,LIVE,OOS,0.0,0.1,0.1,LIVE_ACCOUNT,0.1,C:\Users\Leon\Desktop\QUANT\Data_Center\Data\2_Baseline\Trades\Backtest\LIVE_ACCOUNT\OOS\listOfTrades_XAUUSD_45_2.13.130_BUY_M15_OOS.csv,0.1,10.0,100.0,11344.0,0.0,11344.0,10.0,10.0,541532.0
1438,XAUUSD,BUY,2025-10-14 01:05:00+00:00,2025-10-14 02:34:40+00:00,4113.38,4124.78,113.42,113.42,2.13.130,LIVE,OOS,0.0,0.1,0.1,LIVE_ACCOUNT,0.1,C:\Users\Leon\Desktop\QUANT\Data_Center\Data\2_Baseline\Trades\Backtest\LIVE_ACCOUNT\OOS\listOfTrades_XAUUSD_45_2.13.130_BUY_M15_OOS.csv,0.1,10.0,100.0,11342.0,0.0,11342.0,10.0,10.0,552874.0
1440,XAUUSD,BUY,2025-10-15 01:15:00+00:00,2025-10-15 04:04:40+00:00,4160.95,4172.35,113.42,113.42,2.13.130,LIVE,OOS,0.0,0.1,0.1,LIVE_ACCOUNT,0.1,C:\Users\Leon\Desktop\QUANT\Data_Center\Data\2_Baseline\Trades\Backtest\LIVE_ACCOUNT\OOS\listOfTrades_XAUUSD_45_2.13.130_BUY_M15_OOS.csv,0.1,10.0,100.0,11342.0,0.0,11342.0,10.0,10.0,564216.0
1442,XAUUSD,BUY,2025-10-16 01:45:00+00:00,2025-10-16 03:40:20+00:00,4215.58,4226.98,113.4,113.4,2.13.130,LIVE,OOS,0.0,0.1,0.1,LIVE_ACCOUNT,0.1,C:\Users\Leon\Desktop\QUANT\Data_Center\Data\2_Baseline\Trades\Backtest\LIVE_ACCOUNT\OOS\listOfTrades_XAUUSD_45_2.13.130_BUY_M15_OOS.csv,0.1,10.0,100.0,11340.0,0.0,11340.0,10.0,10.0,575556.0
1444,XAUUSD,BUY,2025-10-17 07:00:00+00:00,2025-10-17 08:00:40+00:00,4366.98,4378.38,113.38,113.38,2.13.130,LIVE,OOS,0.0,0.1,0.1,LIVE_ACCOUNT,0.1,C:\Users\Leon\Desktop\QUANT\Data_Center\Data\2_Baseline\Trades\Backtest\LIVE_ACCOUNT\OOS\listOfTrades_XAUUSD_45_2.13.130_BUY_M15_OOS.csv,0.1,10.0,100.0,11338.0,0.0,11338.0,10.0,10.0,586894.0
1446,XAUUSD,BUY,2025-10-21 01:15:00+00:00,2025-10-21 01:21:40+00:00,4361.99,4373.39,113.38,113.38,2.13.130,LIVE,OOS,0.0,0.1,0.1,LIVE_ACCOUNT,0.1,C:\Users\Leon\Desktop\QUANT\Data_Center\Data\2_Baseline\Trades\Backtest\LIVE_ACCOUNT\OOS\listOfTrades_XAUUSD_45_2.13.130_BUY_M15_OOS.csv,0.1,10.0,100.0,11338.0,0.0,11338.0,10.0,10.0,598232.0
1448,XAUUSD,BUY,2025-10-22 09:45:00+00:00,2025-10-22 10:03:40+00:00,4159.72,4148.17,-116.08,-116.08,2.13.130,LIVE,OOS,0.0,0.1,0.1,LIVE_ACCOUNT,0.1,C:\Users\Leon\Desktop\QUANT\Data_Center\Data\2_Baseline\Trades\Backtest\LIVE_ACCOUNT\OOS\listOfTrades_XAUUSD_45_2.13.130_BUY_M15_OOS.csv,0.1,10.0,100.0,-11608.0,0.0,-11608.0,10.0,10.0,586624.0
1450,XAUUSD,BUY,2025-10-23 01:30:00+00:00,2025-10-23 02:10:40+00:00,4103.37,4091.82,-116.08,-116.08,2.13.130,LIVE,OOS,0.0,0.1,0.1,LIVE_ACCOUNT,0.1,C:\Users\Leon\Desktop\QUANT\Data_Center\Data\2_Baseline\Trades\Backtest\LIVE_ACCOUNT\OOS\listOfTrades_XAUUSD_45_2.13.130_BUY_M15_OOS.csv,0.1,10.0,100.0,-11608.0,0.0,-11608.0,10.0,10.0,575016.0
1452,XAUUSD,BUY,2025-10-24 04:15:00+00:00,2025-10-24 04:22:40+00:00,4143.24,4131.69,-116.08,-116.08,2.13.130,LIVE,OOS,0.0,0.1,0.1,LIVE_ACCOUNT,0.1,C:\Users\Leon\Desktop\QUANT\Data_Center\Data\2_Baseline\Trades\Backtest\LIVE_ACCOUNT\OOS\listOfTrades_XAUUSD_45_2.13.130_BUY_M15_OOS.csv,0.1,10.0,100.0,-11608.0,0.0,-11608.0,10.0,10.0,563408.0
1454,XAUUSD,BUY,2025-10-28 04:15:00+00:00,2025-10-28 04:32:40+00:00,4018.16,4006.61,-116.06,-116.06,2.13.130,LIVE,OOS,0.0,0.1,0.1,LIVE_ACCOUNT,0.1,C:\Users\Leon\Desktop\QUANT\Data_Center\Data\2_Baseline\Trades\Backtest\LIVE_ACCOUNT\OOS\listOfTrades_XAUUSD_45_2.13.130_BUY_M15_OOS.csv,0.1,10.0,100.0,-11606.0,0.0,-11606.0,10.0,10.0,551802.0
1456,XAUUSD,BUY,2025-10-29 03:30:00+00:00,2025-10-29 05:31:40+00:00,3970.97,3959.42,-116.06,-116.06,2.13.130,LIVE,OOS,0.0,0.1,0.1,LIVE_ACCOUNT,0.1,C:\Users\Leon\Desktop\QUANT\Data_Center\Data\2_Baseline\Trades\Backtest\LIVE_ACCOUNT\OOS\listOfTrades_XAUUSD_45_2.13.130_BUY_M15_OOS.csv,0.1,10.0,100.0,-11606.0,0.0,-11606.0,10.0,10.0,540196.0
1458,XAUUSD,BUY,2025-10-30 07:45:00+00:00,2025-10-30 08:12:40+00:00,3979.17,3967.62,-116.06,-116.06,2.13.130,LIVE,OOS,0.0,0.1,0.1,LIVE_ACCOUNT,0.1,C:\Users\Leon\Desktop\QUANT\Data_Center\Data\2_Baseline\Trades\Backtest\LIVE_ACCOUNT\OOS\listOfTrades_XAUUSD_45_2.13.130_BUY_M15_OOS.csv,0.1,10.0,100.0,-11606.0,0.0,-11606.0,10.0,10.0,528590.0
1460,XAUUSD,BUY,2025-10-31 01:05:00+00:00,2025-10-31 01:50:40+00:00,4020.85,4032.25,113.44,113.44,2.13.130,LIVE,OOS,0.0,0.1,0.1,LIVE_ACCOUNT,0.1,C:\Users\Leon\Desktop\QUANT\Data_Center\Data\2_Baseline\Trades\Backtest\LIVE_ACCOUNT\OOS\listOfTrades_XAUUSD_45_2.13.130_BUY_M15_OOS.csv,0.1,10.0,100.0,11344.0,0.0,11344.0,10.0,10.0,539934.0
1462,XAUUSD,BUY,2025-11-04 10:30:00+00:00,2025-11-04 12:00:40+00:00,4000.07,3988.52,-116.06,-116.06,2.13.130,LIVE,OOS,0.0,0.1,0.1,LIVE_ACCOUNT,0.1,C:\Users\Leon\Desktop\QUANT\Data_Center\Data\2_Baseline\Trades\Backtest\LIVE_ACCOUNT\OOS\listOfTrades_XAUUSD_45_2.13.130_BUY_M15_OOS.csv,0.1,10.0,100.0,-11606.0,0.0,-11606.0,10.0,10.0,528328.0
1464,XAUUSD,BUY,2025-11-05 05:45:00+00:00,2025-11-05 06:41:40+00:00,3959.64,3971.04,113.44,113.44,2.13.130,LIVE,OOS,0.0,0.1,0.1,LIVE_ACCOUNT,0.1,C:\Users\Leon\Desktop\QUANT\Data_Center\Data\2_Baseline\Trades\Backtest\LIVE_ACCOUNT\OOS\listOfTrades_XAUUSD_45_2.13.130_BUY_M15_OOS.csv,0.1,10.0,100.0,11344.0,0.0,11344.0,10.0,10.0,539672.0
1466,XAUUSD,BUY,2025-11-06 05:15:00+00:00,2025-11-06 09:00:40+00:00,3985.17,3996.57,113.44,113.44,2.13.130,LIVE,OOS,0.0,0.1,0.1,LIVE_ACCOUNT,0.1,C:\Users\Leon\Desktop\QUANT\Data_Center\Data\2_Baseline\Trades\Backtest\LIVE_ACCOUNT\OOS\listOfTrades_XAUUSD_45_2.13.130_BUY_M15_OOS.csv,0.1,10.0,100.0,11344.0,0.0,11344.0,10.0,10.0,551016.0
1468,XAUUSD,BUY,2025-11-07 03:15:00+00:00,2025-11-07 06:02:40+00:00,3999.2,3987.65,-116.06,-116.06,2.13.130,LIVE,OOS,0.0,0.1,0.1,LIVE_ACCOUNT,0.1,C:\Users\Leon\Desktop\QUANT\Data_Center\Data\2_Baseline\Trades\Backtest\LIVE_ACCOUNT\OOS\listOfTrades_XAUUSD_45_2.13.130_BUY_M15_OOS.csv,0.1,10.0,100.0,-11606.0,0.0,-11606.0,10.0,10.0,539410.0
1470,XAUUSD,BUY,2025-11-11 11:15:00+00:00,2025-11-11 16:21:40+00:00,4143.32,4131.77,-116.08,-116.08,2.13.130,LIVE,OOS,0.0,0.1,0.1,LIVE_ACCOUNT,0.1,C:\Users\Leon\Desktop\QUANT\Data_Center\Data\2_Baseline\Trades\Backtest\LIVE_ACCOUNT\OOS\listOfTrades_XAUUSD_45_2.13.130_BUY_M15_OOS.csv,0.1,10.0,100.0,-11608.0,0.0,-11608.0,10.0,10.0,527802.0
1472,XAUUSD,BUY,2025-11-12 01:15:00+00:00,2025-11-12 01:50:40+00:00,4133.28,4144.68,113.42,113.42,2.13.130,LIVE,OOS,0.0,0.1,0.1,LIVE_ACCOUNT,0.1,C:\Users\Leon\Desktop\QUANT\Data_Center\Data\2_Baseline\Trades\Backtest\LIVE_ACCOUNT\OOS\listOfTrades_XAUUSD_45_2.13.130_BUY_M15_OOS.csv,0.1,10.0,100.0,11342.0,0.0,11342.0,10.0,10.0,539144.0
1474,XAUUSD,BUY,2025-11-13 02:45:00+00:00,2025-11-13 03:14:40+00:00,4202.03,4190.48,-116.08,-116.08,2.13.130,LIVE,OOS,0.0,0.1,0.1,LIVE_ACCOUNT,0.1,C:\Users\Leon\Desktop\QUANT\Data_Center\Data\2_Baseline\Trades\Backtest\LIVE_ACCOUNT\OOS\listOfTrades_XAUUSD_45_2.13.130_BUY_M15_OOS.csv,0.1,10.0,100.0,-11608.0,0.0,-11608.0,10.0,10.0,527536.0
1476,XAUUSD,BUY,2025-11-14 04:30:00+00:00,2025-11-14 05:30:20+00:00,4199.47,4210.87,113.42,113.42,2.13.130,LIVE,OOS,0.0,0.1,0.1,LIVE_ACCOUNT,0.1,C:\Users\Leon\Desktop\QUANT\Data_Center\Data\2_Baseline\Trades\Backtest\LIVE_ACCOUNT\OOS\listOfTrades_XAUUSD_45_2.13.130_BUY_M15_OOS.csv,0.1,10.0,100.0,11342.0,0.0,11342.0,10.0,10.0,538878.0
1478,XAUUSD,BUY,2025-11-18 10:45:00+00:00,2025-11-18 12:46:40+00:00,4037.34,4048.74,113.44,113.44,2.13.130,LIVE,OOS,0.0,0.1,0.1,LIVE_ACCOUNT,0.1,C:\Users\Leon\Desktop\QUANT\Data_Center\Data\2_Baseline\Trades\Backtest\LIVE_ACCOUNT\OOS\listOfTrades_XAUUSD_45_2.13.130_BUY_M15_OOS.csv,0.1,10.0,100.0,11344.0,0.0,11344.0,10.0,10.0,550222.0
1480,XAUUSD,BUY,2025-11-19 07:30:00+00:00,2025-11-19 11:46:40+00:00,4089.01,4100.41,113.42,113.42,2.13.130,LIVE,OOS,0.0,0.1,0.1,LIVE_ACCOUNT,0.1,C:\Users\Leon\Desktop\QUANT\Data_Center\Data\2_Baseline\Trades\Backtest\LIVE_ACCOUNT\OOS\listOfTrades_XAUUSD_45_2.13.130_BUY_M15_OOS.csv,0.1,10.0,100.0,11342.0,0.0,11342.0,10.0,10.0,561564.0
1482,XAUUSD,BUY,2025-11-20 02:00:00+00:00,2025-11-20 03:21:40+00:00,4104.65,4093.1,-116.08,-116.08,2.13.130,LIVE,OOS,0.0,0.1,0.1,LIVE_ACCOUNT,0.1,C:\Users\Leon\Desktop\QUANT\Data_Center\Data\2_Baseline\Trades\Backtest\LIVE_ACCOUNT\OOS\listOfTrades_XAUUSD_45_2.13.130_BUY_M15_OOS.csv,0.1,10.0,100.0,-11608.0,0.0,-11608.0,10.0,10.0,549956.0
1484,XAUUSD,BUY,2025-11-21 14:45:00+00:00,2025-11-21 15:45:40+00:00,4062.02,4073.42,113.43,113.43,2.13.130,LIVE,OOS,0.0,0.1,0.1,LIVE_ACCOUNT,0.1,C:\Users\Leon\Desktop\QUANT\Data_Center\Data\2_Baseline\Trades\Backtest\LIVE_ACCOUNT\OOS\listOfTrades_XAUUSD_45_2.13.130_BUY_M15_OOS.csv,0.1,10.0,100.0,11343.0,0.0,11343.0,10.0,10.0,561299.0
1486,XAUUSD,BUY,2025-11-25 03:45:00+00:00,2025-11-25 04:39:40+00:00,4136.87,4148.27,113.42,113.42,2.13.130,LIVE,OOS,0.0,0.1,0.1,LIVE_ACCOUNT,0.1,C:\Users\Leon\Desktop\QUANT\Data_Center\Data\2_Baseline\Trades\Backtest\LIVE_ACCOUNT\OOS\listOfTrades_XAUUSD_45_2.13.130_BUY_M15_OOS.csv,0.1,10.0,100.0,11342.0,0.0,11342.0,10.0,10.0,572641.0
1488,XAUUSD,BUY,2025-11-26 03:45:00+00:00,2025-11-26 04:26:40+00:00,4150.63,4162.03,113.42,113.42,2.13.130,LIVE,OOS,0.0,0.1,0.1,LIVE_ACCOUNT,0.1,C:\Users\Leon\Desktop\QUANT\Data_Center\Data\2_Baseline\Trades\Backtest\LIVE_ACCOUNT\OOS\listOfTrades_XAUUSD_45_2.13.130_BUY_M15_OOS.csv,0.1,10.0,100.0,11342.0,0.0,11342.0,10.0,10.0,583983.0
1490,XAUUSD,BUY,2025-11-27 10:15:00+00:00,2025-11-27 11:18:40+00:00,4163.45,4151.9,-116.08,-116.08,2.13.130,LIVE,OOS,0.0,0.1,0.1,LIVE_ACCOUNT,0.1,C:\Users\Leon\Desktop\QUANT\Data_Center\Data\2_Baseline\Trades\Backtest\LIVE_ACCOUNT\OOS\listOfTrades_XAUUSD_45_2.13.130_BUY_M15_OOS.csv,0.1,10.0,100.0,-11608.0,0.0,-11608.0,10.0,10.0,572375.0
1492,XAUUSD,BUY,2025-11-28 01:30:00+00:00,2025-11-28 02:34:40+00:00,4163.02,4174.42,113.42,113.42,2.13.130,LIVE,OOS,0.0,0.1,0.1,LIVE_ACCOUNT,0.1,C:\Users\Leon\Desktop\QUANT\Data_Center\Data\2_Baseline\Trades\Backtest\LIVE_ACCOUNT\OOS\listOfTrades_XAUUSD_45_2.13.130_BUY_M15_OOS.csv,0.1,10.0,100.0,11342.0,0.0,11342.0,10.0,10.0,583717.0
1494,XAUUSD,BUY,2025-12-02 16:15:00+00:00,2025-12-02 17:05:40+00:00,4223.66,4212.11,-116.09,-116.09,2.13.130,LIVE,OOS,0.0,0.1,0.1,LIVE_ACCOUNT,0.1,C:\Users\Leon\Desktop\QUANT\Data_Center\Data\2_Baseline\Trades\Backtest\LIVE_ACCOUNT\OOS\listOfTrades_XAUUSD_45_2.13.130_BUY_M15_OOS.csv,0.1,10.0,100.0,-11609.0,0.0,-11609.0,10.0,10.0,572108.0
1496,XAUUSD,BUY,2025-12-03 02:00:00+00:00,2025-12-03 04:15:20+00:00,4212.94,4224.34,113.41,113.41,2.13.130,LIVE,OOS,0.0,0.1,0.1,LIVE_ACCOUNT,0.1,C:\Users\Leon\Desktop\QUANT\Data_Center\Data\2_Baseline\Trades\Backtest\LIVE_ACCOUNT\OOS\listOfTrades_XAUUSD_45_2.13.130_BUY_M15_OOS.csv,0.1,10.0,100.0,11341.0,0.0,11341.0,10.0,10.0,583449.0
1498,XAUUSD,BUY,2025-12-04 16:30:00+00:00,2025-12-04 16:42:40+00:00,4208.43,4196.88,-116.08,-116.08,2.13.130,LIVE,OOS,0.0,0.1,0.1,LIVE_ACCOUNT,0.1,C:\Users\Leon\Desktop\QUANT\Data_Center\Data\2_Baseline\Trades\Backtest\LIVE_ACCOUNT\OOS\listOfTrades_XAUUSD_45_2.13.130_BUY_M15_OOS.csv,0.1,10.0,100.0,-11608.0,0.0,-11608.0,10.0,10.0,571841.0
1500,XAUUSD,BUY,2025-12-12 08:30:00+00:00,2025-12-12 10:06:20+00:00,4281.4,4292.8,113.4,113.4,2.13.130,LIVE,OOS,0.0,0.1,0.1,LIVE_ACCOUNT,0.1,C:\Users\Leon\Desktop\QUANT\Data_Center\Data\2_Baseline\Trades\Backtest\LIVE_ACCOUNT\OOS\listOfTrades_XAUUSD_45_2.13.130_BUY_M15_OOS.csv,0.1,10.0,100.0,11340.0,0.0,11340.0,10.0,10.0,583181.0
1502,XAUUSD,BUY,2025-12-16 14:45:00+00:00,2025-12-16 15:30:40+00:00,4293.58,4304.98,113.4,113.4,2.13.130,LIVE,OOS,0.0,0.1,0.1,LIVE_ACCOUNT,0.1,C:\Users\Leon\Desktop\QUANT\Data_Center\Data\2_Baseline\Trades\Backtest\LIVE_ACCOUNT\OOS\listOfTrades_XAUUSD_45_2.13.130_BUY_M15_OOS.csv,0.1,10.0,100.0,11340.0,0.0,11340.0,10.0,10.0,594521.0
1504,XAUUSD,BUY,2025-12-17 02:30:00+00:00,2025-12-17 03:38:40+00:00,4313.55,4324.95,113.4,113.4,2.13.130,LIVE,OOS,0.0,0.1,0.1,LIVE_ACCOUNT,0.1,C:\Users\Leon\Desktop\QUANT\Data_Center\Data\2_Baseline\Trades\Backtest\LIVE_ACCOUNT\OOS\listOfTrades_XAUUSD_45_2.13.130_BUY_M15_OOS.csv,0.1,10.0,100.0,11340.0,0.0,11340.0,10.0,10.0,605861.0
1506,XAUUSD,BUY,2025-12-18 15:45:00+00:00,2025-12-18 16:41:40+00:00,4336.58,4325.03,-116.1,-116.1,2.13.130,LIVE,OOS,0.0,0.1,0.1,LIVE_ACCOUNT,0.1,C:\Users\Leon\Desktop\QUANT\Data_Center\Data\2_Baseline\Trades\Backtest\LIVE_ACCOUNT\OOS\listOfTrades_XAUUSD_45_2.13.130_BUY_M15_OOS.csv,0.1,10.0,100.0,-11610.0,0.0,-11610.0,10.0,10.0,594251.0
1508,XAUUSD,BUY,2025-12-19 15:30:00+00:00,2025-12-19 16:47:40+00:00,4335.09,4323.54,-116.1,-116.1,2.13.130,LIVE,OOS,0.0,0.1,0.1,LIVE_ACCOUNT,0.1,C:\Users\Leon\Desktop\QUANT\Data_Center\Data\2_Baseline\Trades\Backtest\LIVE_ACCOUNT\OOS\listOfTrades_XAUUSD_45_2.13.130_BUY_M15_OOS.csv,0.1,10.0,100.0,-11610.0,0.0,-11610.0,10.0,10.0,582641.0
1510,XAUUSD,BUY,2025-12-23 10:00:00+00:00,2025-12-23 15:52:40+00:00,4486.92,4475.37,-116.12,-116.12,2.13.130,LIVE,OOS,0.0,0.1,0.1,LIVE_ACCOUNT,0.1,C:\Users\Leon\Desktop\QUANT\Data_Center\Data\2_Baseline\Trades\Backtest\LIVE_ACCOUNT\OOS\listOfTrades_XAUUSD_45_2.13.130_BUY_M15_OOS.csv,0.1,10.0,100.0,-11612.0,0.0,-11612.0,10.0,10.0,571029.0
1512,XAUUSD,BUY,2025-12-24 01:15:00+00:00,2025-12-24 01:39:20+00:00,4495.45,4506.85,113.37,113.37,2.13.130,LIVE,OOS,0.0,0.1,0.1,LIVE_ACCOUNT,0.1,C:\Users\Leon\Desktop\QUANT\Data_Center\Data\2_Baseline\Trades\Backtest\LIVE_ACCOUNT\OOS\listOfTrades_XAUUSD_45_2.13.130_BUY_M15_OOS.csv,0.1,10.0,100.0,11337.0,0.0,11337.0,10.0,10.0,582366.0
1514,XAUUSD,BUY,2025-12-26 01:30:00+00:00,2025-12-26 02:48:40+00:00,4497.83,4509.23,113.37,113.37,2.13.130,LIVE,OOS,0.0,0.1,0.1,LIVE_ACCOUNT,0.1,C:\Users\Leon\Desktop\QUANT\Data_Center\Data\2_Baseline\Trades\Backtest\LIVE_ACCOUNT\OOS\listOfTrades_XAUUSD_45_2.13.130_BUY_M15_OOS.csv,0.1,10.0,100.0,11337.0,0.0,11337.0,10.0,10.0,593703.0
1516,XAUUSD,BUY,2025-12-30 05:00:00+00:00,2025-12-30 07:25:40+00:00,4362.78,4374.18,113.38,113.38,2.13.130,LIVE,OOS,0.0,0.1,0.1,LIVE_ACCOUNT,0.1,C:\Users\Leon\Desktop\QUANT\Data_Center\Data\2_Baseline\Trades\Backtest\LIVE_ACCOUNT\OOS\listOfTrades_XAUUSD_45_2.13.130_BUY_M15_OOS.csv,0.1,10.0,100.0,11338.0,0.0,11338.0,10.0,10.0,605041.0
1518,XAUUSD,BUY,2025-12-31 03:45:00+00:00,2025-12-31 04:48:40+00:00,4369.06,4357.51,-116.12,-116.12,2.13.130,LIVE,OOS,0.0,0.1,0.1,LIVE_ACCOUNT,0.1,C:\Users\Leon\Desktop\QUANT\Data_Center\Data\2_Baseline\Trades\Backtest\LIVE_ACCOUNT\OOS\listOfTrades_XAUUSD_45_2.13.130_BUY_M15_OOS.csv,0.1,10.0,100.0,-11612.0,0.0,-11612.0,10.0,10.0,593429.0
1520,XAUUSD,BUY,2026-01-02 01:30:00+00:00,2026-01-02 02:45:40+00:00,4341.54,4352.94,113.4,113.4,2.13.130,LIVE,OOS,0.0,0.1,0.1,LIVE_ACCOUNT,0.1,C:\Users\Leon\Desktop\QUANT\Data_Center\Data\2_Baseline\Trades\Backtest\LIVE_ACCOUNT\OOS\listOfTrades_XAUUSD_45_2.13.130_BUY_M15_OOS.csv,0.1,10.0,100.0,11340.0,0.0,11340.0,10.0,10.0,604769.0
1522,XAUUSD,BUY,2026-01-06 04:15:00+00:00,2026-01-06 07:30:40+00:00,4459.52,4470.92,113.38,113.38,2.13.130,LIVE,OOS,0.0,0.1,0.1,LIVE_ACCOUNT,0.1,C:\Users\Leon\Desktop\QUANT\Data_Center\Data\2_Baseline\Trades\Backtest\LIVE_ACCOUNT\OOS\listOfTrades_XAUUSD_45_2.13.130_BUY_M15_OOS.csv,0.1,10.0,100.0,11338.0,0.0,11338.0,10.0,10.0,616107.0
1524,XAUUSD,BUY,2026-01-07 18:45:00+00:00,2026-01-07 19:36:40+00:00,4467.9,4456.35,-116.12,-116.12,2.13.130,LIVE,OOS,0.0,0.1,0.1,LIVE_ACCOUNT,0.1,C:\Users\Leon\Desktop\QUANT\Data_Center\Data\2_Baseline\Trades\Backtest\LIVE_ACCOUNT\OOS\listOfTrades_XAUUSD_45_2.13.130_BUY_M15_OOS.csv,0.1,10.0,100.0,-11612.0,0.0,-11612.0,10.0,10.0,604495.0
1526,XAUUSD,BUY,2026-01-08 02:15:00+00:00,2026-01-08 02:26:40+00:00,4465.92,4454.37,-116.12,-116.12,2.13.130,LIVE,OOS,0.0,0.1,0.1,LIVE_ACCOUNT,0.1,C:\Users\Leon\Desktop\QUANT\Data_Center\Data\2_Baseline\Trades\Backtest\LIVE_ACCOUNT\OOS\listOfTrades_XAUUSD_45_2.13.130_BUY_M15_OOS.csv,0.1,10.0,100.0,-11612.0,0.0,-11612.0,10.0,10.0,592883.0
1528,XAUUSD,BUY,2026-01-13 15:15:00+00:00,2026-01-13 15:35:40+00:00,4603.01,4614.41,113.36,113.36,2.13.130,LIVE,OOS,0.0,0.1,0.1,LIVE_ACCOUNT,0.1,C:\Users\Leon\Desktop\QUANT\Data_Center\Data\2_Baseline\Trades\Backtest\LIVE_ACCOUNT\OOS\listOfTrades_XAUUSD_45_2.13.130_BUY_M15_OOS.csv,0.1,10.0,100.0,11336.0,0.0,11336.0,10.0,10.0,604219.0
1530,XAUUSD,BUY,2026-01-14 02:30:00+00:00,2026-01-14 04:31:40+00:00,4609.98,4621.38,113.36,113.36,2.13.130,LIVE,OOS,0.0,0.1,0.1,LIVE_ACCOUNT,0.1,C:\Users\Leon\Desktop\QUANT\Data_Center\Data\2_Baseline\Trades\Backtest\LIVE_ACCOUNT\OOS\listOfTrades_XAUUSD_45_2.13.130_BUY_M15_OOS.csv,0.1,10.0,100.0,11336.0,0.0,11336.0,10.0,10.0,615555.0
1532,XAUUSD,BUY,2026-01-15 12:45:00+00:00,2026-01-15 15:19:40+00:00,4618.22,4606.67,-116.14,-116.14,2.13.130,LIVE,OOS,0.0,0.1,0.1,LIVE_ACCOUNT,0.1,C:\Users\Leon\Desktop\QUANT\Data_Center\Data\2_Baseline\Trades\Backtest\LIVE_ACCOUNT\OOS\listOfTrades_XAUUSD_45_2.13.130_BUY_M15_OOS.csv,0.1,10.0,100.0,-11614.0,0.0,-11614.0,10.0,10.0,603941.0
1534,XAUUSD,BUY,2026-01-16 08:00:00+00:00,2026-01-16 08:42:40+00:00,4611.77,4600.22,-116.14,-116.14,2.13.130,LIVE,OOS,0.0,0.1,0.1,LIVE_ACCOUNT,0.1,C:\Users\Leon\Desktop\QUANT\Data_Center\Data\2_Baseline\Trades\Backtest\LIVE_ACCOUNT\OOS\listOfTrades_XAUUSD_45_2.13.130_BUY_M15_OOS.csv,0.1,10.0,100.0,-11614.0,0.0,-11614.0,10.0,10.0,592327.0
1536,XAUUSD,BUY,2026-01-20 06:00:00+00:00,2026-01-20 06:42:40+00:00,4680.35,4691.75,113.34,113.34,2.13.130,LIVE,OOS,0.0,0.1,0.1,LIVE_ACCOUNT,0.1,C:\Users\Leon\Desktop\QUANT\Data_Center\Data\2_Baseline\Trades\Backtest\LIVE_ACCOUNT\OOS\listOfTrades_XAUUSD_45_2.13.130_BUY_M15_OOS.csv,0.1,10.0,100.0,11334.0,0.0,11334.0,10.0,10.0,603661.0
1538,XAUUSD,BUY,2026-01-21 01:05:00+00:00,2026-01-21 01:45:00+00:00,4762.41,4773.81,113.34,113.34,2.13.130,LIVE,OOS,0.0,0.1,0.1,LIVE_ACCOUNT,0.1,C:\Users\Leon\Desktop\QUANT\Data_Center\Data\2_Baseline\Trades\Backtest\LIVE_ACCOUNT\OOS\listOfTrades_XAUUSD_45_2.13.130_BUY_M15_OOS.csv,0.1,10.0,100.0,11334.0,0.0,11334.0,10.0,10.0,614995.0
1540,XAUUSD,BUY,2026-01-22 08:00:00+00:00,2026-01-22 09:06:40+00:00,4821.64,4833.04,113.32,113.32,2.13.130,LIVE,OOS,0.0,0.1,0.1,LIVE_ACCOUNT,0.1,C:\Users\Leon\Desktop\QUANT\Data_Center\Data\2_Baseline\Trades\Backtest\LIVE_ACCOUNT\OOS\listOfTrades_XAUUSD_45_2.13.130_BUY_M15_OOS.csv,0.1,10.0,100.0,11332.0,0.0,11332.0,10.0,10.0,626327.0
1542,XAUUSD,BUY,2026-01-23 04:30:00+00:00,2026-01-23 05:19:40+00:00,4953.21,4941.66,-116.2,-116.2,2.13.130,LIVE,OOS,0.0,0.1,0.1,LIVE_ACCOUNT,0.1,C:\Users\Leon\Desktop\QUANT\Data_Center\Data\2_Baseline\Trades\Backtest\LIVE_ACCOUNT\OOS\listOfTrades_XAUUSD_45_2.13.130_BUY_M15_OOS.csv,0.1,10.0,100.0,-11620.0,0.0,-11620.0,10.0,10.0,614707.0
1544,XAUUSD,BUY,2026-01-27 09:30:00+00:00,2026-01-27 09:41:40+00:00,5088.15,5099.55,113.28,113.28,2.13.130,LIVE,OOS,0.0,0.1,0.1,LIVE_ACCOUNT,0.1,C:\Users\Leon\Desktop\QUANT\Data_Center\Data\2_Baseline\Trades\Backtest\LIVE_ACCOUNT\OOS\listOfTrades_XAUUSD_45_2.13.130_BUY_M15_OOS.csv,0.1,10.0,100.0,11328.0,0.0,11328.0,10.0,10.0,626035.0
1546,XAUUSD,BUY,2026-01-28 12:15:00+00:00,2026-01-28 12:35:40+00:00,5282.48,5270.93,-116.24,-116.24,2.13.130,LIVE,OOS,0.0,0.1,0.1,LIVE_ACCOUNT,0.1,C:\Users\Leon\Desktop\QUANT\Data_Center\Data\2_Baseline\Trades\Backtest\LIVE_ACCOUNT\OOS\listOfTrades_XAUUSD_45_2.13.130_BUY_M15_OOS.csv,0.1,10.0,100.0,-11624.0,0.0,-11624.0,10.0,10.0,614411.0
1548,XAUUSD,BUY,2026-01-30 02:15:00+00:00,2026-01-30 02:25:40+00:00,5445.67,5434.12,-116.26,-116.26,2.13.130,LIVE,OOS,0.0,0.1,0.1,LIVE_ACCOUNT,0.1,C:\Users\Leon\Desktop\QUANT\Data_Center\Data\2_Baseline\Trades\Backtest\LIVE_ACCOUNT\OOS\listOfTrades_XAUUSD_45_2.13.130_BUY_M15_OOS.csv,0.1,10.0,100.0,-11626.0,0.0,-11626.0,10.0,10.0,602785.0
1550,XAUUSD,BUY,2026-02-03 02:00:00+00:00,2026-02-03 02:03:40+00:00,4774.77,4786.17,113.33,113.33,2.13.130,LIVE,OOS,0.0,0.1,0.1,LIVE_ACCOUNT,0.1,C:\Users\Leon\Desktop\QUANT\Data_Center\Data\2_Baseline\Trades\Backtest\LIVE_ACCOUNT\OOS\listOfTrades_XAUUSD_45_2.13.130_BUY_M15_OOS.csv,0.1,10.0,100.0,11333.0,0.0,11333.0,10.0,10.0,614118.0
1552,XAUUSD,BUY,2026-02-04 02:15:00+00:00,2026-02-04 02:22:20+00:00,4987.26,4998.66,113.3,113.3,2.13.130,LIVE,OOS,0.0,0.1,0.1,LIVE_ACCOUNT,0.1,C:\Users\Leon\Desktop\QUANT\Data_Center\Data\2_Baseline\Trades\Backtest\LIVE_ACCOUNT\OOS\listOfTrades_XAUUSD_45_2.13.130_BUY_M15_OOS.csv,0.1,10.0,100.0,11330.0,0.0,11330.0,10.0,10.0,625448.0
1554,XAUUSD,BUY,2026-02-05 01:15:00+00:00,2026-02-05 01:35:40+00:00,5010.09,5021.49,113.3,113.3,2.13.130,LIVE,OOS,0.0,0.1,0.1,LIVE_ACCOUNT,0.1,C:\Users\Leon\Desktop\QUANT\Data_Center\Data\2_Baseline\Trades\Backtest\LIVE_ACCOUNT\OOS\listOfTrades_XAUUSD_45_2.13.130_BUY_M15_OOS.csv,0.1,10.0,100.0,11330.0,0.0,11330.0,10.0,10.0,636778.0
1556,XAUUSD,BUY,2026-02-06 07:30:00+00:00,2026-02-06 07:31:40+00:00,4851.56,4840.01,-116.18,-116.18,2.13.130,LIVE,OOS,0.0,0.1,0.1,LIVE_ACCOUNT,0.1,C:\Users\Leon\Desktop\QUANT\Data_Center\Data\2_Baseline\Trades\Backtest\LIVE_ACCOUNT\OOS\listOfTrades_XAUUSD_45_2.13.130_BUY_M15_OOS.csv,0.1,10.0,100.0,-11618.0,0.0,-11618.0,10.0,10.0,625160.0
1558,XAUUSD,BUY,2026-02-13 15:45:00+00:00,2026-02-13 15:48:20+00:00,4984.46,4972.91,-116.2,-116.2,2.13.130,LIVE,OOS,0.0,0.1,0.1,LIVE_ACCOUNT,0.1,C:\Users\Leon\Desktop\QUANT\Data_Center\Data\2_Baseline\Trades\Backtest\LIVE_ACCOUNT\OOS\listOfTrades_XAUUSD_45_2.13.130_BUY_M15_OOS.csv,0.1,10.0,100.0,-11620.0,0.0,-11620.0,10.0,10.0,613540.0
1560,XAUUSD,BUY,2026-02-18 04:15:00+00:00,2026-02-18 05:04:40+00:00,4898.94,4910.34,113.32,113.32,2.13.130,LIVE,OOS,0.0,0.1,0.1,LIVE_ACCOUNT,0.1,C:\Users\Leon\Desktop\QUANT\Data_Center\Data\2_Baseline\Trades\Backtest\LIVE_ACCOUNT\OOS\listOfTrades_XAUUSD_45_2.13.130_BUY_M15_OOS.csv,0.1,10.0,100.0,11332.0,0.0,11332.0,10.0,10.0,624872.0
1562,XAUUSD,BUY,2026-02-19 07:00:00+00:00,2026-02-19 07:44:40+00:00,4984.47,4995.87,113.3,113.3,2.13.130,LIVE,OOS,0.0,0.1,0.1,LIVE_ACCOUNT,0.1,C:\Users\Leon\Desktop\QUANT\Data_Center\Data\2_Baseline\Trades\Backtest\LIVE_ACCOUNT\OOS\listOfTrades_XAUUSD_45_2.13.130_BUY_M15_OOS.csv,0.1,10.0,100.0,11330.0,0.0,11330.0,10.0,10.0,636202.0
1564,XAUUSD,BUY,2026-02-20 03:15:00+00:00,2026-02-20 03:24:40+00:00,5013.61,5002.06,-116.2,-116.2,2.13.130,LIVE,OOS,0.0,0.1,0.1,LIVE_ACCOUNT,0.1,C:\Users\Leon\Desktop\QUANT\Data_Center\Data\2_Baseline\Trades\Backtest\LIVE_ACCOUNT\OOS\listOfTrades_XAUUSD_45_2.13.130_BUY_M15_OOS.csv,0.1,10.0,100.0,-11620.0,0.0,-11620.0,10.0,10.0,624582.0
