position_id,symbol,direction,open_time_utc,close_time_utc,entry_price,exit_price,profit_sum,net_sum,strategy_id,account_type,sample_type,commission_sum,volume_in,volume_out,account_group,base_lot_detected,source_file,base_lot,target_lot,lot_scale_factor,scaled_profit_sum,scaled_commission_sum,scaled_net_sum,scaled_volume_in,scaled_volume_out,scaled_cumulative_net_sum
740,AUDUSD,SELL,2024-07-03 07:30:00+00:00,2024-07-03 17:00:40+00:00,0.66804,0.67019,-22.0,-22.0,1.31.145,DEMO,OOS,0.0,0.1,0.1,DEMO_ACCOUNT,0.1,C:\Users\Leon\Desktop\QUANT\Data_Center\Data\2_Baseline\Trades\Backtest\DEMO_ACCOUNT\OOS\listOfTrades_AUDUSD_60_1.31.145_SELL_M15_OOS.csv,0.1,6.2,62.0,-1364.0,0.0,-1364.0,6.2,6.2,-1364.0
742,AUDUSD,SELL,2024-07-04 02:00:00+00:00,2024-07-04 13:30:40+00:00,0.67096,0.6727,-17.9,-17.9,1.31.145,DEMO,OOS,0.0,0.1,0.1,DEMO_ACCOUNT,0.1,C:\Users\Leon\Desktop\QUANT\Data_Center\Data\2_Baseline\Trades\Backtest\DEMO_ACCOUNT\OOS\listOfTrades_AUDUSD_60_1.31.145_SELL_M15_OOS.csv,0.1,6.2,62.0,-1109.8,0.0,-1109.8,6.2,6.2,-2473.8
744,AUDUSD,SELL,2024-07-05 03:30:00+00:00,2024-07-05 15:30:20+00:00,0.67295,0.67211,7.9,7.9,1.31.145,DEMO,OOS,0.0,0.1,0.1,DEMO_ACCOUNT,0.1,C:\Users\Leon\Desktop\QUANT\Data_Center\Data\2_Baseline\Trades\Backtest\DEMO_ACCOUNT\OOS\listOfTrades_AUDUSD_60_1.31.145_SELL_M15_OOS.csv,0.1,6.2,62.0,489.8,0.0,489.8,6.2,6.2,-1984.0000000000002
746,AUDUSD,SELL,2024-07-12 02:30:00+00:00,2024-07-12 17:54:40+00:00,0.67662,0.67898,-24.1,-24.1,1.31.145,DEMO,OOS,0.0,0.1,0.1,DEMO_ACCOUNT,0.1,C:\Users\Leon\Desktop\QUANT\Data_Center\Data\2_Baseline\Trades\Backtest\DEMO_ACCOUNT\OOS\listOfTrades_AUDUSD_60_1.31.145_SELL_M15_OOS.csv,0.1,6.2,62.0,-1494.2,0.0,-1494.2,6.2,6.2,-3478.2000000000003
748,AUDUSD,SELL,2024-07-15 05:45:00+00:00,2024-07-15 20:31:40+00:00,0.67759,0.67573,18.1,18.1,1.31.145,DEMO,OOS,0.0,0.1,0.1,DEMO_ACCOUNT,0.1,C:\Users\Leon\Desktop\QUANT\Data_Center\Data\2_Baseline\Trades\Backtest\DEMO_ACCOUNT\OOS\listOfTrades_AUDUSD_60_1.31.145_SELL_M15_OOS.csv,0.1,6.2,62.0,1122.2,0.0,1122.2,6.2,6.2,-2356.0
750,AUDUSD,SELL,2024-07-16 13:00:00+00:00,2024-07-16 15:30:40+00:00,0.67466,0.673,16.1,16.1,1.31.145,DEMO,OOS,0.0,0.1,0.1,DEMO_ACCOUNT,0.1,C:\Users\Leon\Desktop\QUANT\Data_Center\Data\2_Baseline\Trades\Backtest\DEMO_ACCOUNT\OOS\listOfTrades_AUDUSD_60_1.31.145_SELL_M15_OOS.csv,0.1,6.2,62.0,998.2,0.0,998.2,6.2,6.2,-1357.8
752,AUDUSD,SELL,2024-07-17 05:00:00+00:00,2024-07-17 18:53:40+00:00,0.67393,0.67246,14.2,14.2,1.31.145,DEMO,OOS,0.0,0.1,0.1,DEMO_ACCOUNT,0.1,C:\Users\Leon\Desktop\QUANT\Data_Center\Data\2_Baseline\Trades\Backtest\DEMO_ACCOUNT\OOS\listOfTrades_AUDUSD_60_1.31.145_SELL_M15_OOS.csv,0.1,6.2,62.0,880.4,0.0,880.4,6.2,6.2,-477.4
754,AUDUSD,SELL,2024-07-18 05:15:00+00:00,2024-07-18 21:01:40+00:00,0.67355,0.67167,18.3,18.3,1.31.145,DEMO,OOS,0.0,0.1,0.1,DEMO_ACCOUNT,0.1,C:\Users\Leon\Desktop\QUANT\Data_Center\Data\2_Baseline\Trades\Backtest\DEMO_ACCOUNT\OOS\listOfTrades_AUDUSD_60_1.31.145_SELL_M15_OOS.csv,0.1,6.2,62.0,1134.6000000000001,0.0,1134.6000000000001,6.2,6.2,657.2000000000002
756,AUDUSD,SELL,2024-07-22 01:15:00+00:00,2024-07-22 04:53:40+00:00,0.66913,0.66773,13.5,13.5,1.31.145,DEMO,OOS,0.0,0.1,0.1,DEMO_ACCOUNT,0.1,C:\Users\Leon\Desktop\QUANT\Data_Center\Data\2_Baseline\Trades\Backtest\DEMO_ACCOUNT\OOS\listOfTrades_AUDUSD_60_1.31.145_SELL_M15_OOS.csv,0.1,6.2,62.0,837.0,0.0,837.0,6.2,6.2,1494.2000000000003
758,AUDUSD,SELL,2024-07-24 14:45:00+00:00,2024-07-24 21:02:40+00:00,0.66037,0.65878,15.4,15.4,1.31.145,DEMO,OOS,0.0,0.1,0.1,DEMO_ACCOUNT,0.1,C:\Users\Leon\Desktop\QUANT\Data_Center\Data\2_Baseline\Trades\Backtest\DEMO_ACCOUNT\OOS\listOfTrades_AUDUSD_60_1.31.145_SELL_M15_OOS.csv,0.1,6.2,62.0,954.8000000000001,0.0,954.8000000000001,6.2,6.2,2449.0000000000005
760,AUDUSD,SELL,2024-07-25 16:45:00+00:00,2024-07-25 23:45:00+00:00,0.6541,0.65369,3.6,3.6,1.31.145,DEMO,OOS,0.0,0.1,0.1,DEMO_ACCOUNT,0.1,C:\Users\Leon\Desktop\QUANT\Data_Center\Data\2_Baseline\Trades\Backtest\DEMO_ACCOUNT\OOS\listOfTrades_AUDUSD_60_1.31.145_SELL_M15_OOS.csv,0.1,6.2,62.0,223.20000000000002,0.0,223.20000000000002,6.2,6.2,2672.2000000000003
762,AUDUSD,SELL,2024-07-26 04:15:00+00:00,2024-07-26 23:45:00+00:00,0.65468,0.65493,-3.0,-3.0,1.31.145,DEMO,OOS,0.0,0.1,0.1,DEMO_ACCOUNT,0.1,C:\Users\Leon\Desktop\QUANT\Data_Center\Data\2_Baseline\Trades\Backtest\DEMO_ACCOUNT\OOS\listOfTrades_AUDUSD_60_1.31.145_SELL_M15_OOS.csv,0.1,6.2,62.0,-186.0,0.0,-186.0,6.2,6.2,2486.2000000000003
764,AUDUSD,SELL,2024-07-31 02:30:00+00:00,2024-07-31 04:30:40+00:00,0.65434,0.653,12.9,12.9,1.31.145,DEMO,OOS,0.0,0.1,0.1,DEMO_ACCOUNT,0.1,C:\Users\Leon\Desktop\QUANT\Data_Center\Data\2_Baseline\Trades\Backtest\DEMO_ACCOUNT\OOS\listOfTrades_AUDUSD_60_1.31.145_SELL_M15_OOS.csv,0.1,6.2,62.0,799.8000000000001,0.0,799.8000000000001,6.2,6.2,3286.0000000000005
766,AUDUSD,SELL,2024-08-05 16:15:00+00:00,2024-08-05 23:45:00+00:00,0.64745,0.64937,-19.7,-19.7,1.31.145,DEMO,OOS,0.0,0.1,0.1,DEMO_ACCOUNT,0.1,C:\Users\Leon\Desktop\QUANT\Data_Center\Data\2_Baseline\Trades\Backtest\DEMO_ACCOUNT\OOS\listOfTrades_AUDUSD_60_1.31.145_SELL_M15_OOS.csv,0.1,6.2,62.0,-1221.3999999999999,0.0,-1221.3999999999999,6.2,6.2,2064.6000000000004
768,AUDUSD,SELL,2024-08-09 05:30:00+00:00,2024-08-09 13:20:20+00:00,0.65985,0.65783,19.7,19.7,1.31.145,DEMO,OOS,0.0,0.1,0.1,DEMO_ACCOUNT,0.1,C:\Users\Leon\Desktop\QUANT\Data_Center\Data\2_Baseline\Trades\Backtest\DEMO_ACCOUNT\OOS\listOfTrades_AUDUSD_60_1.31.145_SELL_M15_OOS.csv,0.1,6.2,62.0,1221.3999999999999,0.0,1221.3999999999999,6.2,6.2,3286.0
770,AUDUSD,SELL,2024-08-14 04:00:00+00:00,2024-08-14 05:00:40+00:00,0.66405,0.66235,16.5,16.5,1.31.145,DEMO,OOS,0.0,0.1,0.1,DEMO_ACCOUNT,0.1,C:\Users\Leon\Desktop\QUANT\Data_Center\Data\2_Baseline\Trades\Backtest\DEMO_ACCOUNT\OOS\listOfTrades_AUDUSD_60_1.31.145_SELL_M15_OOS.csv,0.1,6.2,62.0,1023.0,0.0,1023.0,6.2,6.2,4309.0
772,AUDUSD,SELL,2024-08-15 04:45:00+00:00,2024-08-15 23:45:00+00:00,0.66082,0.66117,-4.0,-4.0,1.31.145,DEMO,OOS,0.0,0.1,0.1,DEMO_ACCOUNT,0.1,C:\Users\Leon\Desktop\QUANT\Data_Center\Data\2_Baseline\Trades\Backtest\DEMO_ACCOUNT\OOS\listOfTrades_AUDUSD_60_1.31.145_SELL_M15_OOS.csv,0.1,6.2,62.0,-248.0,0.0,-248.0,6.2,6.2,4061.0
774,AUDUSD,SELL,2024-08-16 04:00:00+00:00,2024-08-16 08:21:20+00:00,0.66144,0.66335,-19.6,-19.6,1.31.145,DEMO,OOS,0.0,0.1,0.1,DEMO_ACCOUNT,0.1,C:\Users\Leon\Desktop\QUANT\Data_Center\Data\2_Baseline\Trades\Backtest\DEMO_ACCOUNT\OOS\listOfTrades_AUDUSD_60_1.31.145_SELL_M15_OOS.csv,0.1,6.2,62.0,-1215.2,0.0,-1215.2,6.2,6.2,2845.8
776,AUDUSD,SELL,2024-08-19 03:15:00+00:00,2024-08-19 16:21:20+00:00,0.66767,0.66994,-23.2,-23.2,1.31.145,DEMO,OOS,0.0,0.1,0.1,DEMO_ACCOUNT,0.1,C:\Users\Leon\Desktop\QUANT\Data_Center\Data\2_Baseline\Trades\Backtest\DEMO_ACCOUNT\OOS\listOfTrades_AUDUSD_60_1.31.145_SELL_M15_OOS.csv,0.1,6.2,62.0,-1438.3999999999999,0.0,-1438.3999999999999,6.2,6.2,1407.4000000000003
778,AUDUSD,SELL,2024-08-20 02:30:00+00:00,2024-08-20 05:27:40+00:00,0.67349,0.67205,13.9,13.9,1.31.145,DEMO,OOS,0.0,0.1,0.1,DEMO_ACCOUNT,0.1,C:\Users\Leon\Desktop\QUANT\Data_Center\Data\2_Baseline\Trades\Backtest\DEMO_ACCOUNT\OOS\listOfTrades_AUDUSD_60_1.31.145_SELL_M15_OOS.csv,0.1,6.2,62.0,861.8000000000001,0.0,861.8000000000001,6.2,6.2,2269.2000000000003
780,AUDUSD,SELL,2024-08-21 03:30:00+00:00,2024-08-21 09:10:40+00:00,0.6752,0.67393,12.2,12.2,1.31.145,DEMO,OOS,0.0,0.1,0.1,DEMO_ACCOUNT,0.1,C:\Users\Leon\Desktop\QUANT\Data_Center\Data\2_Baseline\Trades\Backtest\DEMO_ACCOUNT\OOS\listOfTrades_AUDUSD_60_1.31.145_SELL_M15_OOS.csv,0.1,6.2,62.0,756.4,0.0,756.4,6.2,6.2,3025.6000000000004
782,AUDUSD,SELL,2024-08-23 03:30:00+00:00,2024-08-23 12:21:40+00:00,0.67101,0.67308,-21.2,-21.2,1.31.145,DEMO,OOS,0.0,0.1,0.1,DEMO_ACCOUNT,0.1,C:\Users\Leon\Desktop\QUANT\Data_Center\Data\2_Baseline\Trades\Backtest\DEMO_ACCOUNT\OOS\listOfTrades_AUDUSD_60_1.31.145_SELL_M15_OOS.csv,0.1,6.2,62.0,-1314.3999999999999,0.0,-1314.3999999999999,6.2,6.2,1711.2000000000005
784,AUDUSD,SELL,2024-08-26 17:30:00+00:00,2024-08-26 23:45:00+00:00,0.67854,0.67709,14.0,14.0,1.31.145,DEMO,OOS,0.0,0.1,0.1,DEMO_ACCOUNT,0.1,C:\Users\Leon\Desktop\QUANT\Data_Center\Data\2_Baseline\Trades\Backtest\DEMO_ACCOUNT\OOS\listOfTrades_AUDUSD_60_1.31.145_SELL_M15_OOS.csv,0.1,6.2,62.0,868.0,0.0,868.0,6.2,6.2,2579.2000000000007
786,AUDUSD,SELL,2024-09-04 09:45:00+00:00,2024-09-04 17:02:40+00:00,0.67124,0.6746,-34.1,-34.1,1.31.145,DEMO,OOS,0.0,0.1,0.1,DEMO_ACCOUNT,0.1,C:\Users\Leon\Desktop\QUANT\Data_Center\Data\2_Baseline\Trades\Backtest\DEMO_ACCOUNT\OOS\listOfTrades_AUDUSD_60_1.31.145_SELL_M15_OOS.csv,0.1,6.2,62.0,-2114.2000000000003,0.0,-2114.2000000000003,6.2,6.2,465.00000000000045
788,AUDUSD,SELL,2024-09-17 10:30:00+00:00,2024-09-17 16:34:20+00:00,0.67621,0.67459,15.7,15.7,1.31.145,DEMO,OOS,0.0,0.1,0.1,DEMO_ACCOUNT,0.1,C:\Users\Leon\Desktop\QUANT\Data_Center\Data\2_Baseline\Trades\Backtest\DEMO_ACCOUNT\OOS\listOfTrades_AUDUSD_60_1.31.145_SELL_M15_OOS.csv,0.1,6.2,62.0,973.4,0.0,973.4,6.2,6.2,1438.4000000000005
790,AUDUSD,SELL,2024-09-25 02:15:00+00:00,2024-09-25 04:35:40+00:00,0.6903,0.68851,17.4,17.4,1.31.145,DEMO,OOS,0.0,0.1,0.1,DEMO_ACCOUNT,0.1,C:\Users\Leon\Desktop\QUANT\Data_Center\Data\2_Baseline\Trades\Backtest\DEMO_ACCOUNT\OOS\listOfTrades_AUDUSD_60_1.31.145_SELL_M15_OOS.csv,0.1,6.2,62.0,1078.8,0.0,1078.8,6.2,6.2,2517.2000000000007
792,AUDUSD,SELL,2024-09-26 03:15:00+00:00,2024-09-26 08:23:40+00:00,0.68288,0.68545,-26.2,-26.2,1.31.145,DEMO,OOS,0.0,0.1,0.1,DEMO_ACCOUNT,0.1,C:\Users\Leon\Desktop\QUANT\Data_Center\Data\2_Baseline\Trades\Backtest\DEMO_ACCOUNT\OOS\listOfTrades_AUDUSD_60_1.31.145_SELL_M15_OOS.csv,0.1,6.2,62.0,-1624.3999999999999,0.0,-1624.3999999999999,6.2,6.2,892.8000000000009
794,AUDUSD,SELL,2024-10-02 04:15:00+00:00,2024-10-02 23:45:00+00:00,0.68902,0.68861,3.6,3.6,1.31.145,DEMO,OOS,0.0,0.1,0.1,DEMO_ACCOUNT,0.1,C:\Users\Leon\Desktop\QUANT\Data_Center\Data\2_Baseline\Trades\Backtest\DEMO_ACCOUNT\OOS\listOfTrades_AUDUSD_60_1.31.145_SELL_M15_OOS.csv,0.1,6.2,62.0,223.20000000000002,0.0,223.20000000000002,6.2,6.2,1116.000000000001
796,AUDUSD,SELL,2024-10-04 03:00:00+00:00,2024-10-04 15:30:40+00:00,0.685,0.68336,15.9,15.9,1.31.145,DEMO,OOS,0.0,0.1,0.1,DEMO_ACCOUNT,0.1,C:\Users\Leon\Desktop\QUANT\Data_Center\Data\2_Baseline\Trades\Backtest\DEMO_ACCOUNT\OOS\listOfTrades_AUDUSD_60_1.31.145_SELL_M15_OOS.csv,0.1,6.2,62.0,985.8000000000001,0.0,985.8000000000001,6.2,6.2,2101.800000000001
798,AUDUSD,SELL,2024-10-07 01:30:00+00:00,2024-10-07 12:00:40+00:00,0.68063,0.67833,22.5,22.5,1.31.145,DEMO,OOS,0.0,0.1,0.1,DEMO_ACCOUNT,0.1,C:\Users\Leon\Desktop\QUANT\Data_Center\Data\2_Baseline\Trades\Backtest\DEMO_ACCOUNT\OOS\listOfTrades_AUDUSD_60_1.31.145_SELL_M15_OOS.csv,0.1,6.2,62.0,1395.0,0.0,1395.0,6.2,6.2,3496.800000000001
800,AUDUSD,SELL,2024-10-08 03:15:00+00:00,2024-10-08 05:08:40+00:00,0.67629,0.67431,19.3,19.3,1.31.145,DEMO,OOS,0.0,0.1,0.1,DEMO_ACCOUNT,0.1,C:\Users\Leon\Desktop\QUANT\Data_Center\Data\2_Baseline\Trades\Backtest\DEMO_ACCOUNT\OOS\listOfTrades_AUDUSD_60_1.31.145_SELL_M15_OOS.csv,0.1,6.2,62.0,1196.6000000000001,0.0,1196.6000000000001,6.2,6.2,4693.4000000000015
802,AUDUSD,SELL,2024-10-09 08:15:00+00:00,2024-10-09 15:55:40+00:00,0.67475,0.67198,27.2,27.2,1.31.145,DEMO,OOS,0.0,0.1,0.1,DEMO_ACCOUNT,0.1,C:\Users\Leon\Desktop\QUANT\Data_Center\Data\2_Baseline\Trades\Backtest\DEMO_ACCOUNT\OOS\listOfTrades_AUDUSD_60_1.31.145_SELL_M15_OOS.csv,0.1,6.2,62.0,1686.3999999999999,0.0,1686.3999999999999,6.2,6.2,6379.800000000001
804,AUDUSD,SELL,2024-10-15 16:15:00+00:00,2024-10-15 20:10:40+00:00,0.6721,0.67012,19.3,19.3,1.31.145,DEMO,OOS,0.0,0.1,0.1,DEMO_ACCOUNT,0.1,C:\Users\Leon\Desktop\QUANT\Data_Center\Data\2_Baseline\Trades\Backtest\DEMO_ACCOUNT\OOS\listOfTrades_AUDUSD_60_1.31.145_SELL_M15_OOS.csv,0.1,6.2,62.0,1196.6000000000001,0.0,1196.6000000000001,6.2,6.2,7576.4000000000015
806,AUDUSD,SELL,2024-10-17 03:45:00+00:00,2024-10-17 10:19:40+00:00,0.66913,0.66737,17.1,17.1,1.31.145,DEMO,OOS,0.0,0.1,0.1,DEMO_ACCOUNT,0.1,C:\Users\Leon\Desktop\QUANT\Data_Center\Data\2_Baseline\Trades\Backtest\DEMO_ACCOUNT\OOS\listOfTrades_AUDUSD_60_1.31.145_SELL_M15_OOS.csv,0.1,6.2,62.0,1060.2,0.0,1060.2,6.2,6.2,8636.600000000002
808,AUDUSD,SELL,2024-10-18 16:30:00+00:00,2024-10-18 18:42:40+00:00,0.67187,0.67021,16.1,16.1,1.31.145,DEMO,OOS,0.0,0.1,0.1,DEMO_ACCOUNT,0.1,C:\Users\Leon\Desktop\QUANT\Data_Center\Data\2_Baseline\Trades\Backtest\DEMO_ACCOUNT\OOS\listOfTrades_AUDUSD_60_1.31.145_SELL_M15_OOS.csv,0.1,6.2,62.0,998.2,0.0,998.2,6.2,6.2,9634.800000000003
810,AUDUSD,SELL,2024-10-22 04:30:00+00:00,2024-10-22 07:25:40+00:00,0.66624,0.66871,-25.2,-25.2,1.31.145,DEMO,OOS,0.0,0.1,0.1,DEMO_ACCOUNT,0.1,C:\Users\Leon\Desktop\QUANT\Data_Center\Data\2_Baseline\Trades\Backtest\DEMO_ACCOUNT\OOS\listOfTrades_AUDUSD_60_1.31.145_SELL_M15_OOS.csv,0.1,6.2,62.0,-1562.3999999999999,0.0,-1562.3999999999999,6.2,6.2,8072.400000000003
812,AUDUSD,SELL,2024-10-24 04:00:00+00:00,2024-10-24 18:39:40+00:00,0.66409,0.66258,14.6,14.6,1.31.145,DEMO,OOS,0.0,0.1,0.1,DEMO_ACCOUNT,0.1,C:\Users\Leon\Desktop\QUANT\Data_Center\Data\2_Baseline\Trades\Backtest\DEMO_ACCOUNT\OOS\listOfTrades_AUDUSD_60_1.31.145_SELL_M15_OOS.csv,0.1,6.2,62.0,905.1999999999999,0.0,905.1999999999999,6.2,6.2,8977.600000000004
814,AUDUSD,SELL,2024-10-25 12:15:00+00:00,2024-10-25 19:18:40+00:00,0.66317,0.66151,16.1,16.1,1.31.145,DEMO,OOS,0.0,0.1,0.1,DEMO_ACCOUNT,0.1,C:\Users\Leon\Desktop\QUANT\Data_Center\Data\2_Baseline\Trades\Backtest\DEMO_ACCOUNT\OOS\listOfTrades_AUDUSD_60_1.31.145_SELL_M15_OOS.csv,0.1,6.2,62.0,998.2,0.0,998.2,6.2,6.2,9975.800000000005
816,AUDUSD,SELL,2024-10-29 11:45:00+00:00,2024-10-29 15:07:40+00:00,0.65776,0.65597,17.4,17.4,1.31.145,DEMO,OOS,0.0,0.1,0.1,DEMO_ACCOUNT,0.1,C:\Users\Leon\Desktop\QUANT\Data_Center\Data\2_Baseline\Trades\Backtest\DEMO_ACCOUNT\OOS\listOfTrades_AUDUSD_60_1.31.145_SELL_M15_OOS.csv,0.1,6.2,62.0,1078.8,0.0,1078.8,6.2,6.2,11054.600000000004
818,AUDUSD,SELL,2024-10-30 04:15:00+00:00,2024-10-30 06:19:40+00:00,0.65654,0.6548,16.9,16.9,1.31.145,DEMO,OOS,0.0,0.1,0.1,DEMO_ACCOUNT,0.1,C:\Users\Leon\Desktop\QUANT\Data_Center\Data\2_Baseline\Trades\Backtest\DEMO_ACCOUNT\OOS\listOfTrades_AUDUSD_60_1.31.145_SELL_M15_OOS.csv,0.1,6.2,62.0,1047.8,0.0,1047.8,6.2,6.2,12102.400000000003
820,AUDUSD,SELL,2024-11-05 18:15:00+00:00,2024-11-05 23:45:00+00:00,0.66401,0.66369,2.7,2.7,1.31.145,DEMO,OOS,0.0,0.1,0.1,DEMO_ACCOUNT,0.1,C:\Users\Leon\Desktop\QUANT\Data_Center\Data\2_Baseline\Trades\Backtest\DEMO_ACCOUNT\OOS\listOfTrades_AUDUSD_60_1.31.145_SELL_M15_OOS.csv,0.1,6.2,62.0,167.4,0.0,167.4,6.2,6.2,12269.800000000003
822,AUDUSD,SELL,2024-11-06 10:45:00+00:00,2024-11-06 23:45:00+00:00,0.65767,0.65693,6.9,6.9,1.31.145,DEMO,OOS,0.0,0.1,0.1,DEMO_ACCOUNT,0.1,C:\Users\Leon\Desktop\QUANT\Data_Center\Data\2_Baseline\Trades\Backtest\DEMO_ACCOUNT\OOS\listOfTrades_AUDUSD_60_1.31.145_SELL_M15_OOS.csv,0.1,6.2,62.0,427.8,0.0,427.8,6.2,6.2,12697.600000000002
824,AUDUSD,SELL,2024-11-07 14:45:00+00:00,2024-11-07 16:48:40+00:00,0.66388,0.66744,-36.1,-36.1,1.31.145,DEMO,OOS,0.0,0.1,0.1,DEMO_ACCOUNT,0.1,C:\Users\Leon\Desktop\QUANT\Data_Center\Data\2_Baseline\Trades\Backtest\DEMO_ACCOUNT\OOS\listOfTrades_AUDUSD_60_1.31.145_SELL_M15_OOS.csv,0.1,6.2,62.0,-2238.2000000000003,0.0,-2238.2000000000003,6.2,6.2,10459.400000000001
826,AUDUSD,SELL,2024-11-11 02:30:00+00:00,2024-11-11 15:34:40+00:00,0.65921,0.65684,23.2,23.2,1.31.145,DEMO,OOS,0.0,0.1,0.1,DEMO_ACCOUNT,0.1,C:\Users\Leon\Desktop\QUANT\Data_Center\Data\2_Baseline\Trades\Backtest\DEMO_ACCOUNT\OOS\listOfTrades_AUDUSD_60_1.31.145_SELL_M15_OOS.csv,0.1,6.2,62.0,1438.3999999999999,0.0,1438.3999999999999,6.2,6.2,11897.800000000001
828,AUDUSD,SELL,2024-11-12 02:00:00+00:00,2024-11-12 03:30:40+00:00,0.65787,0.65635,14.7,14.7,1.31.145,DEMO,OOS,0.0,0.1,0.1,DEMO_ACCOUNT,0.1,C:\Users\Leon\Desktop\QUANT\Data_Center\Data\2_Baseline\Trades\Backtest\DEMO_ACCOUNT\OOS\listOfTrades_AUDUSD_60_1.31.145_SELL_M15_OOS.csv,0.1,6.2,62.0,911.4,0.0,911.4,6.2,6.2,12809.2
830,AUDUSD,SELL,2024-11-13 15:45:00+00:00,2024-11-13 16:33:40+00:00,0.65359,0.65113,24.1,24.1,1.31.145,DEMO,OOS,0.0,0.1,0.1,DEMO_ACCOUNT,0.1,C:\Users\Leon\Desktop\QUANT\Data_Center\Data\2_Baseline\Trades\Backtest\DEMO_ACCOUNT\OOS\listOfTrades_AUDUSD_60_1.31.145_SELL_M15_OOS.csv,0.1,6.2,62.0,1494.2,0.0,1494.2,6.2,6.2,14303.400000000001
832,AUDUSD,SELL,2024-11-14 01:00:00+00:00,2024-11-14 04:47:40+00:00,0.64965,0.64729,23.1,23.1,1.31.145,DEMO,OOS,0.0,0.1,0.1,DEMO_ACCOUNT,0.1,C:\Users\Leon\Desktop\QUANT\Data_Center\Data\2_Baseline\Trades\Backtest\DEMO_ACCOUNT\OOS\listOfTrades_AUDUSD_60_1.31.145_SELL_M15_OOS.csv,0.1,6.2,62.0,1432.2,0.0,1432.2,6.2,6.2,15735.600000000002
834,AUDUSD,SELL,2024-11-15 04:15:00+00:00,2024-11-15 23:45:00+00:00,0.64596,0.64594,-0.3,-0.3,1.31.145,DEMO,OOS,0.0,0.1,0.1,DEMO_ACCOUNT,0.1,C:\Users\Leon\Desktop\QUANT\Data_Center\Data\2_Baseline\Trades\Backtest\DEMO_ACCOUNT\OOS\listOfTrades_AUDUSD_60_1.31.145_SELL_M15_OOS.csv,0.1,6.2,62.0,-18.599999999999998,0.0,-18.599999999999998,6.2,6.2,15717.000000000002
836,AUDUSD,SELL,2024-11-18 02:30:00+00:00,2024-11-18 18:54:20+00:00,0.6467,0.64947,-28.2,-28.2,1.31.145,DEMO,OOS,0.0,0.1,0.1,DEMO_ACCOUNT,0.1,C:\Users\Leon\Desktop\QUANT\Data_Center\Data\2_Baseline\Trades\Backtest\DEMO_ACCOUNT\OOS\listOfTrades_AUDUSD_60_1.31.145_SELL_M15_OOS.csv,0.1,6.2,62.0,-1748.3999999999999,0.0,-1748.3999999999999,6.2,6.2,13968.600000000002
838,AUDUSD,SELL,2024-11-19 05:15:00+00:00,2024-11-19 11:20:40+00:00,0.65121,0.6494,17.6,17.6,1.31.145,DEMO,OOS,0.0,0.1,0.1,DEMO_ACCOUNT,0.1,C:\Users\Leon\Desktop\QUANT\Data_Center\Data\2_Baseline\Trades\Backtest\DEMO_ACCOUNT\OOS\listOfTrades_AUDUSD_60_1.31.145_SELL_M15_OOS.csv,0.1,6.2,62.0,1091.2,0.0,1091.2,6.2,6.2,15059.800000000003
840,AUDUSD,SELL,2024-12-04 17:15:00+00:00,2024-12-04 23:45:00+00:00,0.64267,0.6433,-6.8,-6.8,1.31.145,DEMO,OOS,0.0,0.1,0.1,DEMO_ACCOUNT,0.1,C:\Users\Leon\Desktop\QUANT\Data_Center\Data\2_Baseline\Trades\Backtest\DEMO_ACCOUNT\OOS\listOfTrades_AUDUSD_60_1.31.145_SELL_M15_OOS.csv,0.1,6.2,62.0,-421.59999999999997,0.0,-421.59999999999997,6.2,6.2,14638.200000000003
842,AUDUSD,SELL,2024-12-09 15:30:00+00:00,2024-12-09 23:45:00+00:00,0.64584,0.64414,16.5,16.5,1.31.145,DEMO,OOS,0.0,0.1,0.1,DEMO_ACCOUNT,0.1,C:\Users\Leon\Desktop\QUANT\Data_Center\Data\2_Baseline\Trades\Backtest\DEMO_ACCOUNT\OOS\listOfTrades_AUDUSD_60_1.31.145_SELL_M15_OOS.csv,0.1,6.2,62.0,1023.0,0.0,1023.0,6.2,6.2,15661.200000000003
844,AUDUSD,SELL,2024-12-11 04:30:00+00:00,2024-12-11 09:08:40+00:00,0.63835,0.63654,17.6,17.6,1.31.145,DEMO,OOS,0.0,0.1,0.1,DEMO_ACCOUNT,0.1,C:\Users\Leon\Desktop\QUANT\Data_Center\Data\2_Baseline\Trades\Backtest\DEMO_ACCOUNT\OOS\listOfTrades_AUDUSD_60_1.31.145_SELL_M15_OOS.csv,0.1,6.2,62.0,1091.2,0.0,1091.2,6.2,6.2,16752.4
846,AUDUSD,SELL,2024-12-12 01:45:00+00:00,2024-12-12 02:30:40+00:00,0.63802,0.64062,-26.5,-26.5,1.31.145,DEMO,OOS,0.0,0.1,0.1,DEMO_ACCOUNT,0.1,C:\Users\Leon\Desktop\QUANT\Data_Center\Data\2_Baseline\Trades\Backtest\DEMO_ACCOUNT\OOS\listOfTrades_AUDUSD_60_1.31.145_SELL_M15_OOS.csv,0.1,6.2,62.0,-1643.0,0.0,-1643.0,6.2,6.2,15109.400000000001
848,AUDUSD,SELL,2024-12-13 10:00:00+00:00,2024-12-13 23:45:00+00:00,0.63688,0.63595,8.8,8.8,1.31.145,DEMO,OOS,0.0,0.1,0.1,DEMO_ACCOUNT,0.1,C:\Users\Leon\Desktop\QUANT\Data_Center\Data\2_Baseline\Trades\Backtest\DEMO_ACCOUNT\OOS\listOfTrades_AUDUSD_60_1.31.145_SELL_M15_OOS.csv,0.1,6.2,62.0,545.6,0.0,545.6,6.2,6.2,15655.000000000002
850,AUDUSD,SELL,2024-12-16 01:15:00+00:00,2024-12-16 16:45:40+00:00,0.63674,0.63482,18.7,18.7,1.31.145,DEMO,OOS,0.0,0.1,0.1,DEMO_ACCOUNT,0.1,C:\Users\Leon\Desktop\QUANT\Data_Center\Data\2_Baseline\Trades\Backtest\DEMO_ACCOUNT\OOS\listOfTrades_AUDUSD_60_1.31.145_SELL_M15_OOS.csv,0.1,6.2,62.0,1159.3999999999999,0.0,1159.3999999999999,6.2,6.2,16814.4
852,AUDUSD,SELL,2024-12-17 16:00:00+00:00,2024-12-17 18:32:40+00:00,0.63509,0.63327,17.7,17.7,1.31.145,DEMO,OOS,0.0,0.1,0.1,DEMO_ACCOUNT,0.1,C:\Users\Leon\Desktop\QUANT\Data_Center\Data\2_Baseline\Trades\Backtest\DEMO_ACCOUNT\OOS\listOfTrades_AUDUSD_60_1.31.145_SELL_M15_OOS.csv,0.1,6.2,62.0,1097.3999999999999,0.0,1097.3999999999999,6.2,6.2,17911.800000000003
854,AUDUSD,SELL,2024-12-18 15:15:00+00:00,2024-12-18 17:57:40+00:00,0.63224,0.63066,15.3,15.3,1.31.145,DEMO,OOS,0.0,0.1,0.1,DEMO_ACCOUNT,0.1,C:\Users\Leon\Desktop\QUANT\Data_Center\Data\2_Baseline\Trades\Backtest\DEMO_ACCOUNT\OOS\listOfTrades_AUDUSD_60_1.31.145_SELL_M15_OOS.csv,0.1,6.2,62.0,948.6,0.0,948.6,6.2,6.2,18860.4
856,AUDUSD,SELL,2024-12-19 09:15:00+00:00,2024-12-19 23:45:00+00:00,0.62355,0.62384,-3.4,-3.4,1.31.145,DEMO,OOS,0.0,0.1,0.1,DEMO_ACCOUNT,0.1,C:\Users\Leon\Desktop\QUANT\Data_Center\Data\2_Baseline\Trades\Backtest\DEMO_ACCOUNT\OOS\listOfTrades_AUDUSD_60_1.31.145_SELL_M15_OOS.csv,0.1,6.2,62.0,-210.79999999999998,0.0,-210.79999999999998,6.2,6.2,18649.600000000002
858,AUDUSD,SELL,2024-12-20 08:30:00+00:00,2024-12-20 18:41:40+00:00,0.62335,0.62629,-29.9,-29.9,1.31.145,DEMO,OOS,0.0,0.1,0.1,DEMO_ACCOUNT,0.1,C:\Users\Leon\Desktop\QUANT\Data_Center\Data\2_Baseline\Trades\Backtest\DEMO_ACCOUNT\OOS\listOfTrades_AUDUSD_60_1.31.145_SELL_M15_OOS.csv,0.1,6.2,62.0,-1853.8,0.0,-1853.8,6.2,6.2,16795.800000000003
860,AUDUSD,SELL,2025-01-08 21:30:00+00:00,2025-01-08 23:45:00+00:00,0.62183,0.62164,1.4,1.4,1.31.145,DEMO,OOS,0.0,0.1,0.1,DEMO_ACCOUNT,0.1,C:\Users\Leon\Desktop\QUANT\Data_Center\Data\2_Baseline\Trades\Backtest\DEMO_ACCOUNT\OOS\listOfTrades_AUDUSD_60_1.31.145_SELL_M15_OOS.csv,0.1,6.2,62.0,86.8,0.0,86.8,6.2,6.2,16882.600000000002
862,AUDUSD,SELL,2025-01-10 03:30:00+00:00,2025-01-10 06:34:40+00:00,0.62047,0.61904,13.8,13.8,1.31.145,DEMO,OOS,0.0,0.1,0.1,DEMO_ACCOUNT,0.1,C:\Users\Leon\Desktop\QUANT\Data_Center\Data\2_Baseline\Trades\Backtest\DEMO_ACCOUNT\OOS\listOfTrades_AUDUSD_60_1.31.145_SELL_M15_OOS.csv,0.1,6.2,62.0,855.6,0.0,855.6,6.2,6.2,17738.2
864,AUDUSD,SELL,2025-01-13 01:45:00+00:00,2025-01-13 06:33:40+00:00,0.6157,0.61355,21.0,21.0,1.31.145,DEMO,OOS,0.0,0.1,0.1,DEMO_ACCOUNT,0.1,C:\Users\Leon\Desktop\QUANT\Data_Center\Data\2_Baseline\Trades\Backtest\DEMO_ACCOUNT\OOS\listOfTrades_AUDUSD_60_1.31.145_SELL_M15_OOS.csv,0.1,6.2,62.0,1302.0,0.0,1302.0,6.2,6.2,19040.2
866,AUDUSD,SELL,2025-01-14 09:45:00+00:00,2025-01-14 14:07:40+00:00,0.61956,0.61747,20.4,20.4,1.31.145,DEMO,OOS,0.0,0.1,0.1,DEMO_ACCOUNT,0.1,C:\Users\Leon\Desktop\QUANT\Data_Center\Data\2_Baseline\Trades\Backtest\DEMO_ACCOUNT\OOS\listOfTrades_AUDUSD_60_1.31.145_SELL_M15_OOS.csv,0.1,6.2,62.0,1264.8,0.0,1264.8,6.2,6.2,20305.0
868,AUDUSD,SELL,2025-01-16 01:30:00+00:00,2025-01-16 05:06:40+00:00,0.62331,0.62137,18.9,18.9,1.31.145,DEMO,OOS,0.0,0.1,0.1,DEMO_ACCOUNT,0.1,C:\Users\Leon\Desktop\QUANT\Data_Center\Data\2_Baseline\Trades\Backtest\DEMO_ACCOUNT\OOS\listOfTrades_AUDUSD_60_1.31.145_SELL_M15_OOS.csv,0.1,6.2,62.0,1171.8,0.0,1171.8,6.2,6.2,21476.8
870,AUDUSD,SELL,2025-01-28 20:30:00+00:00,2025-01-28 23:45:00+00:00,0.62531,0.62525,0.1,0.1,1.31.145,DEMO,OOS,0.0,0.1,0.1,DEMO_ACCOUNT,0.1,C:\Users\Leon\Desktop\QUANT\Data_Center\Data\2_Baseline\Trades\Backtest\DEMO_ACCOUNT\OOS\listOfTrades_AUDUSD_60_1.31.145_SELL_M15_OOS.csv,0.1,6.2,62.0,6.2,0.0,6.2,6.2,6.2,21483.0
872,AUDUSD,SELL,2025-01-29 08:00:00+00:00,2025-01-29 11:51:40+00:00,0.62457,0.62286,16.6,16.6,1.31.145,DEMO,OOS,0.0,0.1,0.1,DEMO_ACCOUNT,0.1,C:\Users\Leon\Desktop\QUANT\Data_Center\Data\2_Baseline\Trades\Backtest\DEMO_ACCOUNT\OOS\listOfTrades_AUDUSD_60_1.31.145_SELL_M15_OOS.csv,0.1,6.2,62.0,1029.2,0.0,1029.2,6.2,6.2,22512.2
874,AUDUSD,SELL,2025-02-05 08:30:00+00:00,2025-02-05 12:48:40+00:00,0.62617,0.62892,-28.0,-28.0,1.31.145,DEMO,OOS,0.0,0.1,0.1,DEMO_ACCOUNT,0.1,C:\Users\Leon\Desktop\QUANT\Data_Center\Data\2_Baseline\Trades\Backtest\DEMO_ACCOUNT\OOS\listOfTrades_AUDUSD_60_1.31.145_SELL_M15_OOS.csv,0.1,6.2,62.0,-1736.0,0.0,-1736.0,6.2,6.2,20776.2
876,AUDUSD,SELL,2025-02-14 15:45:00+00:00,2025-02-14 23:45:00+00:00,0.6348,0.63555,-8.0,-8.0,1.31.145,DEMO,OOS,0.0,0.1,0.1,DEMO_ACCOUNT,0.1,C:\Users\Leon\Desktop\QUANT\Data_Center\Data\2_Baseline\Trades\Backtest\DEMO_ACCOUNT\OOS\listOfTrades_AUDUSD_60_1.31.145_SELL_M15_OOS.csv,0.1,6.2,62.0,-496.0,0.0,-496.0,6.2,6.2,20280.2
878,AUDUSD,SELL,2025-02-17 03:30:00+00:00,2025-02-17 23:45:00+00:00,0.63653,0.63569,7.9,7.9,1.31.145,DEMO,OOS,0.0,0.1,0.1,DEMO_ACCOUNT,0.1,C:\Users\Leon\Desktop\QUANT\Data_Center\Data\2_Baseline\Trades\Backtest\DEMO_ACCOUNT\OOS\listOfTrades_AUDUSD_60_1.31.145_SELL_M15_OOS.csv,0.1,6.2,62.0,489.8,0.0,489.8,6.2,6.2,20770.0
880,AUDUSD,SELL,2025-02-21 01:15:00+00:00,2025-02-21 07:52:20+00:00,0.64071,0.63891,17.5,17.5,1.31.145,DEMO,OOS,0.0,0.1,0.1,DEMO_ACCOUNT,0.1,C:\Users\Leon\Desktop\QUANT\Data_Center\Data\2_Baseline\Trades\Backtest\DEMO_ACCOUNT\OOS\listOfTrades_AUDUSD_60_1.31.145_SELL_M15_OOS.csv,0.1,6.2,62.0,1085.0,0.0,1085.0,6.2,6.2,21855.0
882,AUDUSD,SELL,2025-02-28 10:30:00+00:00,2025-02-28 20:19:40+00:00,0.62159,0.61986,16.8,16.8,1.31.145,DEMO,OOS,0.0,0.1,0.1,DEMO_ACCOUNT,0.1,C:\Users\Leon\Desktop\QUANT\Data_Center\Data\2_Baseline\Trades\Backtest\DEMO_ACCOUNT\OOS\listOfTrades_AUDUSD_60_1.31.145_SELL_M15_OOS.csv,0.1,6.2,62.0,1041.6000000000001,0.0,1041.6000000000001,6.2,6.2,22896.6
884,AUDUSD,SELL,2025-03-04 11:15:00+00:00,2025-03-04 22:22:40+00:00,0.62182,0.62588,-41.1,-41.1,1.31.145,DEMO,OOS,0.0,0.1,0.1,DEMO_ACCOUNT,0.1,C:\Users\Leon\Desktop\QUANT\Data_Center\Data\2_Baseline\Trades\Backtest\DEMO_ACCOUNT\OOS\listOfTrades_AUDUSD_60_1.31.145_SELL_M15_OOS.csv,0.1,6.2,62.0,-2548.2000000000003,0.0,-2548.2000000000003,6.2,6.2,20348.399999999998
886,AUDUSD,SELL,2025-03-05 21:45:00+00:00,2025-03-05 23:45:00+00:00,0.63334,0.63381,-5.2,-5.2,1.31.145,DEMO,OOS,0.0,0.1,0.1,DEMO_ACCOUNT,0.1,C:\Users\Leon\Desktop\QUANT\Data_Center\Data\2_Baseline\Trades\Backtest\DEMO_ACCOUNT\OOS\listOfTrades_AUDUSD_60_1.31.145_SELL_M15_OOS.csv,0.1,6.2,62.0,-322.40000000000003,0.0,-322.40000000000003,6.2,6.2,20025.999999999996
888,AUDUSD,SELL,2025-03-06 03:45:00+00:00,2025-03-06 13:29:40+00:00,0.63474,0.63227,24.2,24.2,1.31.145,DEMO,OOS,0.0,0.1,0.1,DEMO_ACCOUNT,0.1,C:\Users\Leon\Desktop\QUANT\Data_Center\Data\2_Baseline\Trades\Backtest\DEMO_ACCOUNT\OOS\listOfTrades_AUDUSD_60_1.31.145_SELL_M15_OOS.csv,0.1,6.2,62.0,1500.3999999999999,0.0,1500.3999999999999,6.2,6.2,21526.399999999998
890,AUDUSD,SELL,2025-03-11 03:30:00+00:00,2025-03-11 04:13:40+00:00,0.62847,0.62646,19.6,19.6,1.31.145,DEMO,OOS,0.0,0.1,0.1,DEMO_ACCOUNT,0.1,C:\Users\Leon\Desktop\QUANT\Data_Center\Data\2_Baseline\Trades\Backtest\DEMO_ACCOUNT\OOS\listOfTrades_AUDUSD_60_1.31.145_SELL_M15_OOS.csv,0.1,6.2,62.0,1215.2,0.0,1215.2,6.2,6.2,22741.6
892,AUDUSD,SELL,2025-03-13 02:15:00+00:00,2025-03-13 07:43:40+00:00,0.63272,0.63082,18.5,18.5,1.31.145,DEMO,OOS,0.0,0.1,0.1,DEMO_ACCOUNT,0.1,C:\Users\Leon\Desktop\QUANT\Data_Center\Data\2_Baseline\Trades\Backtest\DEMO_ACCOUNT\OOS\listOfTrades_AUDUSD_60_1.31.145_SELL_M15_OOS.csv,0.1,6.2,62.0,1147.0,0.0,1147.0,6.2,6.2,23888.6
894,AUDUSD,SELL,2025-03-17 16:45:00+00:00,2025-03-17 20:39:40+00:00,0.63578,0.63861,-28.8,-28.8,1.31.145,DEMO,OOS,0.0,0.1,0.1,DEMO_ACCOUNT,0.1,C:\Users\Leon\Desktop\QUANT\Data_Center\Data\2_Baseline\Trades\Backtest\DEMO_ACCOUNT\OOS\listOfTrades_AUDUSD_60_1.31.145_SELL_M15_OOS.csv,0.1,6.2,62.0,-1785.6000000000001,0.0,-1785.6000000000001,6.2,6.2,22103.0
896,AUDUSD,SELL,2025-03-18 10:45:00+00:00,2025-03-18 14:29:40+00:00,0.63852,0.63701,14.6,14.6,1.31.145,DEMO,OOS,0.0,0.1,0.1,DEMO_ACCOUNT,0.1,C:\Users\Leon\Desktop\QUANT\Data_Center\Data\2_Baseline\Trades\Backtest\DEMO_ACCOUNT\OOS\listOfTrades_AUDUSD_60_1.31.145_SELL_M15_OOS.csv,0.1,6.2,62.0,905.1999999999999,0.0,905.1999999999999,6.2,6.2,23008.2
898,AUDUSD,SELL,2025-03-19 21:45:00+00:00,2025-03-19 23:45:00+00:00,0.63563,0.63575,-1.7,-1.7,1.31.145,DEMO,OOS,0.0,0.1,0.1,DEMO_ACCOUNT,0.1,C:\Users\Leon\Desktop\QUANT\Data_Center\Data\2_Baseline\Trades\Backtest\DEMO_ACCOUNT\OOS\listOfTrades_AUDUSD_60_1.31.145_SELL_M15_OOS.csv,0.1,6.2,62.0,-105.39999999999999,0.0,-105.39999999999999,6.2,6.2,22902.8
900,AUDUSD,SELL,2025-03-20 18:30:00+00:00,2025-03-20 23:45:00+00:00,0.62959,0.63038,-8.4,-8.4,1.31.145,DEMO,OOS,0.0,0.1,0.1,DEMO_ACCOUNT,0.1,C:\Users\Leon\Desktop\QUANT\Data_Center\Data\2_Baseline\Trades\Backtest\DEMO_ACCOUNT\OOS\listOfTrades_AUDUSD_60_1.31.145_SELL_M15_OOS.csv,0.1,6.2,62.0,-520.8000000000001,0.0,-520.8000000000001,6.2,6.2,22382.0
902,AUDUSD,SELL,2025-03-24 01:15:00+00:00,2025-03-24 23:45:00+00:00,0.62827,0.62864,-4.2,-4.2,1.31.145,DEMO,OOS,0.0,0.1,0.1,DEMO_ACCOUNT,0.1,C:\Users\Leon\Desktop\QUANT\Data_Center\Data\2_Baseline\Trades\Backtest\DEMO_ACCOUNT\OOS\listOfTrades_AUDUSD_60_1.31.145_SELL_M15_OOS.csv,0.1,6.2,62.0,-260.40000000000003,0.0,-260.40000000000003,6.2,6.2,22121.6
904,AUDUSD,SELL,2025-04-01 05:30:00+00:00,2025-04-01 18:15:40+00:00,0.62518,0.6281,-29.7,-29.7,1.31.145,DEMO,OOS,0.0,0.1,0.1,DEMO_ACCOUNT,0.1,C:\Users\Leon\Desktop\QUANT\Data_Center\Data\2_Baseline\Trades\Backtest\DEMO_ACCOUNT\OOS\listOfTrades_AUDUSD_60_1.31.145_SELL_M15_OOS.csv,0.1,6.2,62.0,-1841.3999999999999,0.0,-1841.3999999999999,6.2,6.2,20280.199999999997
906,AUDUSD,SELL,2025-04-03 16:15:00+00:00,2025-04-03 21:31:40+00:00,0.63782,0.63338,43.9,43.9,1.31.145,DEMO,OOS,0.0,0.1,0.1,DEMO_ACCOUNT,0.1,C:\Users\Leon\Desktop\QUANT\Data_Center\Data\2_Baseline\Trades\Backtest\DEMO_ACCOUNT\OOS\listOfTrades_AUDUSD_60_1.31.145_SELL_M15_OOS.csv,0.1,6.2,62.0,2721.7999999999997,0.0,2721.7999999999997,6.2,6.2,23001.999999999996
908,AUDUSD,SELL,2025-04-07 13:30:00+00:00,2025-04-07 18:15:40+00:00,0.60426,0.59718,70.3,70.3,1.31.145,DEMO,OOS,0.0,0.1,0.1,DEMO_ACCOUNT,0.1,C:\Users\Leon\Desktop\QUANT\Data_Center\Data\2_Baseline\Trades\Backtest\DEMO_ACCOUNT\OOS\listOfTrades_AUDUSD_60_1.31.145_SELL_M15_OOS.csv,0.1,6.2,62.0,4358.599999999999,0.0,4358.599999999999,6.2,6.2,27360.599999999995
910,AUDUSD,SELL,2025-04-09 04:30:00+00:00,2025-04-09 20:19:40+00:00,0.59787,0.60607,-82.5,-82.5,1.31.145,DEMO,OOS,0.0,0.1,0.1,DEMO_ACCOUNT,0.1,C:\Users\Leon\Desktop\QUANT\Data_Center\Data\2_Baseline\Trades\Backtest\DEMO_ACCOUNT\OOS\listOfTrades_AUDUSD_60_1.31.145_SELL_M15_OOS.csv,0.1,6.2,62.0,-5115.0,0.0,-5115.0,6.2,6.2,22245.599999999995
912,AUDUSD,SELL,2025-04-10 17:45:00+00:00,2025-04-10 23:45:00+00:00,0.62157,0.62194,-4.2,-4.2,1.31.145,DEMO,OOS,0.0,0.1,0.1,DEMO_ACCOUNT,0.1,C:\Users\Leon\Desktop\QUANT\Data_Center\Data\2_Baseline\Trades\Backtest\DEMO_ACCOUNT\OOS\listOfTrades_AUDUSD_60_1.31.145_SELL_M15_OOS.csv,0.1,6.2,62.0,-260.40000000000003,0.0,-260.40000000000003,6.2,6.2,21985.199999999993
914,AUDUSD,SELL,2025-04-11 04:45:00+00:00,2025-04-11 23:45:00+00:00,0.62351,0.629,-55.4,-55.4,1.31.145,DEMO,OOS,0.0,0.1,0.1,DEMO_ACCOUNT,0.1,C:\Users\Leon\Desktop\QUANT\Data_Center\Data\2_Baseline\Trades\Backtest\DEMO_ACCOUNT\OOS\listOfTrades_AUDUSD_60_1.31.145_SELL_M15_OOS.csv,0.1,6.2,62.0,-3434.7999999999997,0.0,-3434.7999999999997,6.2,6.2,18550.399999999994
916,AUDUSD,SELL,2025-04-14 03:15:00+00:00,2025-04-14 23:45:00+00:00,0.63091,0.63263,-17.7,-17.7,1.31.145,DEMO,OOS,0.0,0.1,0.1,DEMO_ACCOUNT,0.1,C:\Users\Leon\Desktop\QUANT\Data_Center\Data\2_Baseline\Trades\Backtest\DEMO_ACCOUNT\OOS\listOfTrades_AUDUSD_60_1.31.145_SELL_M15_OOS.csv,0.1,6.2,62.0,-1097.3999999999999,0.0,-1097.3999999999999,6.2,6.2,17452.999999999993
918,AUDUSD,SELL,2025-04-15 04:30:00+00:00,2025-04-15 16:48:20+00:00,0.63423,0.63831,-41.3,-41.3,1.31.145,DEMO,OOS,0.0,0.1,0.1,DEMO_ACCOUNT,0.1,C:\Users\Leon\Desktop\QUANT\Data_Center\Data\2_Baseline\Trades\Backtest\DEMO_ACCOUNT\OOS\listOfTrades_AUDUSD_60_1.31.145_SELL_M15_OOS.csv,0.1,6.2,62.0,-2560.6,0.0,-2560.6,6.2,6.2,14892.399999999992
920,AUDUSD,SELL,2025-04-23 03:45:00+00:00,2025-04-23 22:38:40+00:00,0.6387,0.63536,32.9,32.9,1.31.145,DEMO,OOS,0.0,0.1,0.1,DEMO_ACCOUNT,0.1,C:\Users\Leon\Desktop\QUANT\Data_Center\Data\2_Baseline\Trades\Backtest\DEMO_ACCOUNT\OOS\listOfTrades_AUDUSD_60_1.31.145_SELL_M15_OOS.csv,0.1,6.2,62.0,2039.8,0.0,2039.8,6.2,6.2,16932.199999999993
922,AUDUSD,SELL,2025-04-29 05:15:00+00:00,2025-04-29 05:48:40+00:00,0.64485,0.64265,21.5,21.5,1.31.145,DEMO,OOS,0.0,0.1,0.1,DEMO_ACCOUNT,0.1,C:\Users\Leon\Desktop\QUANT\Data_Center\Data\2_Baseline\Trades\Backtest\DEMO_ACCOUNT\OOS\listOfTrades_AUDUSD_60_1.31.145_SELL_M15_OOS.csv,0.1,6.2,62.0,1333.0,0.0,1333.0,6.2,6.2,18265.199999999993
924,AUDUSD,SELL,2025-05-05 12:30:00+00:00,2025-05-05 23:45:00+00:00,0.64883,0.64678,20.0,20.0,1.31.145,DEMO,OOS,0.0,0.1,0.1,DEMO_ACCOUNT,0.1,C:\Users\Leon\Desktop\QUANT\Data_Center\Data\2_Baseline\Trades\Backtest\DEMO_ACCOUNT\OOS\listOfTrades_AUDUSD_60_1.31.145_SELL_M15_OOS.csv,0.1,6.2,62.0,1240.0,0.0,1240.0,6.2,6.2,19505.199999999993
926,AUDUSD,SELL,2025-05-08 04:00:00+00:00,2025-05-08 09:34:40+00:00,0.64414,0.64152,25.7,25.7,1.31.145,DEMO,OOS,0.0,0.1,0.1,DEMO_ACCOUNT,0.1,C:\Users\Leon\Desktop\QUANT\Data_Center\Data\2_Baseline\Trades\Backtest\DEMO_ACCOUNT\OOS\listOfTrades_AUDUSD_60_1.31.145_SELL_M15_OOS.csv,0.1,6.2,62.0,1593.3999999999999,0.0,1593.3999999999999,6.2,6.2,21098.599999999995
928,AUDUSD,SELL,2025-05-09 07:30:00+00:00,2025-05-09 23:45:00+00:00,0.64086,0.6411,-2.9,-2.9,1.31.145,DEMO,OOS,0.0,0.1,0.1,DEMO_ACCOUNT,0.1,C:\Users\Leon\Desktop\QUANT\Data_Center\Data\2_Baseline\Trades\Backtest\DEMO_ACCOUNT\OOS\listOfTrades_AUDUSD_60_1.31.145_SELL_M15_OOS.csv,0.1,6.2,62.0,-179.79999999999998,0.0,-179.79999999999998,6.2,6.2,20918.799999999996
930,AUDUSD,SELL,2025-05-12 09:15:00+00:00,2025-05-12 10:28:20+00:00,0.64384,0.64151,22.8,22.8,1.31.145,DEMO,OOS,0.0,0.1,0.1,DEMO_ACCOUNT,0.1,C:\Users\Leon\Desktop\QUANT\Data_Center\Data\2_Baseline\Trades\Backtest\DEMO_ACCOUNT\OOS\listOfTrades_AUDUSD_60_1.31.145_SELL_M15_OOS.csv,0.1,6.2,62.0,1413.6000000000001,0.0,1413.6000000000001,6.2,6.2,22332.399999999994
932,AUDUSD,SELL,2025-05-13 03:15:00+00:00,2025-05-13 07:28:40+00:00,0.63761,0.64049,-29.3,-29.3,1.31.145,DEMO,OOS,0.0,0.1,0.1,DEMO_ACCOUNT,0.1,C:\Users\Leon\Desktop\QUANT\Data_Center\Data\2_Baseline\Trades\Backtest\DEMO_ACCOUNT\OOS\listOfTrades_AUDUSD_60_1.31.145_SELL_M15_OOS.csv,0.1,6.2,62.0,-1816.6000000000001,0.0,-1816.6000000000001,6.2,6.2,20515.799999999996
934,AUDUSD,SELL,2025-05-14 04:30:00+00:00,2025-05-14 16:57:40+00:00,0.64796,0.64583,20.8,20.8,1.31.145,DEMO,OOS,0.0,0.1,0.1,DEMO_ACCOUNT,0.1,C:\Users\Leon\Desktop\QUANT\Data_Center\Data\2_Baseline\Trades\Backtest\DEMO_ACCOUNT\OOS\listOfTrades_AUDUSD_60_1.31.145_SELL_M15_OOS.csv,0.1,6.2,62.0,1289.6000000000001,0.0,1289.6000000000001,6.2,6.2,21805.399999999994
936,AUDUSD,SELL,2025-05-15 03:45:00+00:00,2025-05-15 13:02:40+00:00,0.64344,0.64133,20.6,20.6,1.31.145,DEMO,OOS,0.0,0.1,0.1,DEMO_ACCOUNT,0.1,C:\Users\Leon\Desktop\QUANT\Data_Center\Data\2_Baseline\Trades\Backtest\DEMO_ACCOUNT\OOS\listOfTrades_AUDUSD_60_1.31.145_SELL_M15_OOS.csv,0.1,6.2,62.0,1277.2,0.0,1277.2,6.2,6.2,23082.599999999995
938,AUDUSD,SELL,2025-05-20 20:00:00+00:00,2025-05-20 23:45:00+00:00,0.64171,0.6423,-6.4,-6.4,1.31.145,DEMO,OOS,0.0,0.1,0.1,DEMO_ACCOUNT,0.1,C:\Users\Leon\Desktop\QUANT\Data_Center\Data\2_Baseline\Trades\Backtest\DEMO_ACCOUNT\OOS\listOfTrades_AUDUSD_60_1.31.145_SELL_M15_OOS.csv,0.1,6.2,62.0,-396.8,0.0,-396.8,6.2,6.2,22685.799999999996
940,AUDUSD,SELL,2025-05-21 03:30:00+00:00,2025-05-21 08:28:40+00:00,0.64353,0.64589,-24.1,-24.1,1.31.145,DEMO,OOS,0.0,0.1,0.1,DEMO_ACCOUNT,0.1,C:\Users\Leon\Desktop\QUANT\Data_Center\Data\2_Baseline\Trades\Backtest\DEMO_ACCOUNT\OOS\listOfTrades_AUDUSD_60_1.31.145_SELL_M15_OOS.csv,0.1,6.2,62.0,-1494.2,0.0,-1494.2,6.2,6.2,21191.599999999995
942,AUDUSD,SELL,2025-05-29 02:00:00+00:00,2025-05-29 02:44:40+00:00,0.64313,0.64127,18.1,18.1,1.31.145,DEMO,OOS,0.0,0.1,0.1,DEMO_ACCOUNT,0.1,C:\Users\Leon\Desktop\QUANT\Data_Center\Data\2_Baseline\Trades\Backtest\DEMO_ACCOUNT\OOS\listOfTrades_AUDUSD_60_1.31.145_SELL_M15_OOS.csv,0.1,6.2,62.0,1122.2,0.0,1122.2,6.2,6.2,22313.799999999996
944,AUDUSD,SELL,2025-06-02 17:45:00+00:00,2025-06-02 23:45:00+00:00,0.64938,0.64988,-5.5,-5.5,1.31.145,DEMO,OOS,0.0,0.1,0.1,DEMO_ACCOUNT,0.1,C:\Users\Leon\Desktop\QUANT\Data_Center\Data\2_Baseline\Trades\Backtest\DEMO_ACCOUNT\OOS\listOfTrades_AUDUSD_60_1.31.145_SELL_M15_OOS.csv,0.1,6.2,62.0,-341.0,0.0,-341.0,6.2,6.2,21972.799999999996
946,AUDUSD,SELL,2025-06-05 16:15:00+00:00,2025-06-05 22:16:40+00:00,0.65269,0.65056,20.8,20.8,1.31.145,DEMO,OOS,0.0,0.1,0.1,DEMO_ACCOUNT,0.1,C:\Users\Leon\Desktop\QUANT\Data_Center\Data\2_Baseline\Trades\Backtest\DEMO_ACCOUNT\OOS\listOfTrades_AUDUSD_60_1.31.145_SELL_M15_OOS.csv,0.1,6.2,62.0,1289.6000000000001,0.0,1289.6000000000001,6.2,6.2,23262.399999999994
948,AUDUSD,SELL,2025-06-06 03:15:00+00:00,2025-06-06 05:02:40+00:00,0.6516,0.64986,16.9,16.9,1.31.145,DEMO,OOS,0.0,0.1,0.1,DEMO_ACCOUNT,0.1,C:\Users\Leon\Desktop\QUANT\Data_Center\Data\2_Baseline\Trades\Backtest\DEMO_ACCOUNT\OOS\listOfTrades_AUDUSD_60_1.31.145_SELL_M15_OOS.csv,0.1,6.2,62.0,1047.8,0.0,1047.8,6.2,6.2,24310.199999999993
950,AUDUSD,SELL,2025-06-13 10:45:00+00:00,2025-06-13 23:45:00+00:00,0.64889,0.6492,-3.6,-3.6,1.31.145,DEMO,OOS,0.0,0.1,0.1,DEMO_ACCOUNT,0.1,C:\Users\Leon\Desktop\QUANT\Data_Center\Data\2_Baseline\Trades\Backtest\DEMO_ACCOUNT\OOS\listOfTrades_AUDUSD_60_1.31.145_SELL_M15_OOS.csv,0.1,6.2,62.0,-223.20000000000002,0.0,-223.20000000000002,6.2,6.2,24086.999999999993
952,AUDUSD,SELL,2025-06-16 09:00:00+00:00,2025-06-16 16:30:40+00:00,0.64981,0.65371,-39.5,-39.5,1.31.145,DEMO,OOS,0.0,0.1,0.1,DEMO_ACCOUNT,0.1,C:\Users\Leon\Desktop\QUANT\Data_Center\Data\2_Baseline\Trades\Backtest\DEMO_ACCOUNT\OOS\listOfTrades_AUDUSD_60_1.31.145_SELL_M15_OOS.csv,0.1,6.2,62.0,-2449.0,0.0,-2449.0,6.2,6.2,21637.999999999993
954,AUDUSD,SELL,2025-06-18 03:00:00+00:00,2025-06-18 09:18:40+00:00,0.64803,0.65089,-29.1,-29.1,1.31.145,DEMO,OOS,0.0,0.1,0.1,DEMO_ACCOUNT,0.1,C:\Users\Leon\Desktop\QUANT\Data_Center\Data\2_Baseline\Trades\Backtest\DEMO_ACCOUNT\OOS\listOfTrades_AUDUSD_60_1.31.145_SELL_M15_OOS.csv,0.1,6.2,62.0,-1804.2,0.0,-1804.2,6.2,6.2,19833.799999999992
956,AUDUSD,SELL,2025-06-19 21:00:00+00:00,2025-06-19 23:45:00+00:00,0.64717,0.64797,-8.5,-8.5,1.31.145,DEMO,OOS,0.0,0.1,0.1,DEMO_ACCOUNT,0.1,C:\Users\Leon\Desktop\QUANT\Data_Center\Data\2_Baseline\Trades\Backtest\DEMO_ACCOUNT\OOS\listOfTrades_AUDUSD_60_1.31.145_SELL_M15_OOS.csv,0.1,6.2,62.0,-527.0,0.0,-527.0,6.2,6.2,19306.799999999992
958,AUDUSD,SELL,2025-06-23 17:15:00+00:00,2025-06-23 23:45:00+00:00,0.6425,0.64617,-37.2,-37.2,1.31.145,DEMO,OOS,0.0,0.1,0.1,DEMO_ACCOUNT,0.1,C:\Users\Leon\Desktop\QUANT\Data_Center\Data\2_Baseline\Trades\Backtest\DEMO_ACCOUNT\OOS\listOfTrades_AUDUSD_60_1.31.145_SELL_M15_OOS.csv,0.1,6.2,62.0,-2306.4,0.0,-2306.4,6.2,6.2,17000.39999999999
960,AUDUSD,SELL,2025-06-24 01:30:00+00:00,2025-06-24 09:23:40+00:00,0.64749,0.65127,-38.3,-38.3,1.31.145,DEMO,OOS,0.0,0.1,0.1,DEMO_ACCOUNT,0.1,C:\Users\Leon\Desktop\QUANT\Data_Center\Data\2_Baseline\Trades\Backtest\DEMO_ACCOUNT\OOS\listOfTrades_AUDUSD_60_1.31.145_SELL_M15_OOS.csv,0.1,6.2,62.0,-2374.6,0.0,-2374.6,6.2,6.2,14625.79999999999
962,AUDUSD,SELL,2025-06-26 06:30:00+00:00,2025-06-26 19:50:20+00:00,0.65329,0.6563,-30.6,-30.6,1.31.145,DEMO,OOS,0.0,0.1,0.1,DEMO_ACCOUNT,0.1,C:\Users\Leon\Desktop\QUANT\Data_Center\Data\2_Baseline\Trades\Backtest\DEMO_ACCOUNT\OOS\listOfTrades_AUDUSD_60_1.31.145_SELL_M15_OOS.csv,0.1,6.2,62.0,-1897.2,0.0,-1897.2,6.2,6.2,12728.59999999999
964,AUDUSD,SELL,2025-06-27 04:00:00+00:00,2025-06-27 13:18:40+00:00,0.65541,0.65354,18.2,18.2,1.31.145,DEMO,OOS,0.0,0.1,0.1,DEMO_ACCOUNT,0.1,C:\Users\Leon\Desktop\QUANT\Data_Center\Data\2_Baseline\Trades\Backtest\DEMO_ACCOUNT\OOS\listOfTrades_AUDUSD_60_1.31.145_SELL_M15_OOS.csv,0.1,6.2,62.0,1128.3999999999999,0.0,1128.3999999999999,6.2,6.2,13856.999999999989
966,AUDUSD,SELL,2025-07-04 02:15:00+00:00,2025-07-04 10:19:40+00:00,0.65743,0.65595,14.3,14.3,1.31.145,DEMO,OOS,0.0,0.1,0.1,DEMO_ACCOUNT,0.1,C:\Users\Leon\Desktop\QUANT\Data_Center\Data\2_Baseline\Trades\Backtest\DEMO_ACCOUNT\OOS\listOfTrades_AUDUSD_60_1.31.145_SELL_M15_OOS.csv,0.1,6.2,62.0,886.6,0.0,886.6,6.2,6.2,14743.59999999999
968,AUDUSD,SELL,2025-07-07 01:00:00+00:00,2025-07-07 03:37:40+00:00,0.65537,0.65388,14.4,14.4,1.31.145,DEMO,OOS,0.0,0.1,0.1,DEMO_ACCOUNT,0.1,C:\Users\Leon\Desktop\QUANT\Data_Center\Data\2_Baseline\Trades\Backtest\DEMO_ACCOUNT\OOS\listOfTrades_AUDUSD_60_1.31.145_SELL_M15_OOS.csv,0.1,6.2,62.0,892.8000000000001,0.0,892.8000000000001,6.2,6.2,15636.399999999989
970,AUDUSD,SELL,2025-07-08 03:00:00+00:00,2025-07-08 07:30:40+00:00,0.65061,0.65327,-27.1,-27.1,1.31.145,DEMO,OOS,0.0,0.1,0.1,DEMO_ACCOUNT,0.1,C:\Users\Leon\Desktop\QUANT\Data_Center\Data\2_Baseline\Trades\Backtest\DEMO_ACCOUNT\OOS\listOfTrades_AUDUSD_60_1.31.145_SELL_M15_OOS.csv,0.1,6.2,62.0,-1680.2,0.0,-1680.2,6.2,6.2,13956.199999999988
972,AUDUSD,SELL,2025-07-16 02:45:00+00:00,2025-07-16 16:47:40+00:00,0.65207,0.65051,15.1,15.1,1.31.145,DEMO,OOS,0.0,0.1,0.1,DEMO_ACCOUNT,0.1,C:\Users\Leon\Desktop\QUANT\Data_Center\Data\2_Baseline\Trades\Backtest\DEMO_ACCOUNT\OOS\listOfTrades_AUDUSD_60_1.31.145_SELL_M15_OOS.csv,0.1,6.2,62.0,936.1999999999999,0.0,936.1999999999999,6.2,6.2,14892.399999999989
974,AUDUSD,SELL,2025-07-17 18:15:00+00:00,2025-07-17 23:45:00+00:00,0.64819,0.64904,-9.0,-9.0,1.31.145,DEMO,OOS,0.0,0.1,0.1,DEMO_ACCOUNT,0.1,C:\Users\Leon\Desktop\QUANT\Data_Center\Data\2_Baseline\Trades\Backtest\DEMO_ACCOUNT\OOS\listOfTrades_AUDUSD_60_1.31.145_SELL_M15_OOS.csv,0.1,6.2,62.0,-558.0,0.0,-558.0,6.2,6.2,14334.399999999989
976,AUDUSD,SELL,2025-07-23 03:30:00+00:00,2025-07-23 10:37:40+00:00,0.65564,0.65803,-24.4,-24.4,1.31.145,DEMO,OOS,0.0,0.1,0.1,DEMO_ACCOUNT,0.1,C:\Users\Leon\Desktop\QUANT\Data_Center\Data\2_Baseline\Trades\Backtest\DEMO_ACCOUNT\OOS\listOfTrades_AUDUSD_60_1.31.145_SELL_M15_OOS.csv,0.1,6.2,62.0,-1512.8,0.0,-1512.8,6.2,6.2,12821.59999999999
978,AUDUSD,SELL,2025-07-24 04:15:00+00:00,2025-07-24 23:04:00+00:00,0.66075,0.65915,15.5,15.5,1.31.145,DEMO,OOS,0.0,0.1,0.1,DEMO_ACCOUNT,0.1,C:\Users\Leon\Desktop\QUANT\Data_Center\Data\2_Baseline\Trades\Backtest\DEMO_ACCOUNT\OOS\listOfTrades_AUDUSD_60_1.31.145_SELL_M15_OOS.csv,0.1,6.2,62.0,961.0,0.0,961.0,6.2,6.2,13782.59999999999
980,AUDUSD,SELL,2025-07-28 00:15:00+00:00,2025-07-28 09:21:40+00:00,0.65706,0.6554,16.1,16.1,1.31.145,DEMO,OOS,0.0,0.1,0.1,DEMO_ACCOUNT,0.1,C:\Users\Leon\Desktop\QUANT\Data_Center\Data\2_Baseline\Trades\Backtest\DEMO_ACCOUNT\OOS\listOfTrades_AUDUSD_60_1.31.145_SELL_M15_OOS.csv,0.1,6.2,62.0,998.2,0.0,998.2,6.2,6.2,14780.79999999999
982,AUDUSD,SELL,2025-07-31 05:15:00+00:00,2025-07-31 16:20:40+00:00,0.64538,0.64318,21.5,21.5,1.31.145,DEMO,OOS,0.0,0.1,0.1,DEMO_ACCOUNT,0.1,C:\Users\Leon\Desktop\QUANT\Data_Center\Data\2_Baseline\Trades\Backtest\DEMO_ACCOUNT\OOS\listOfTrades_AUDUSD_60_1.31.145_SELL_M15_OOS.csv,0.1,6.2,62.0,1333.0,0.0,1333.0,6.2,6.2,16113.79999999999
984,AUDUSD,SELL,2025-08-01 04:15:00+00:00,2025-08-01 15:32:40+00:00,0.64366,0.64652,-29.1,-29.1,1.31.145,DEMO,OOS,0.0,0.1,0.1,DEMO_ACCOUNT,0.1,C:\Users\Leon\Desktop\QUANT\Data_Center\Data\2_Baseline\Trades\Backtest\DEMO_ACCOUNT\OOS\listOfTrades_AUDUSD_60_1.31.145_SELL_M15_OOS.csv,0.1,6.2,62.0,-1804.2,0.0,-1804.2,6.2,6.2,14309.59999999999
986,AUDUSD,SELL,2025-08-04 04:45:00+00:00,2025-08-04 23:45:00+00:00,0.64781,0.64667,10.9,10.9,1.31.145,DEMO,OOS,0.0,0.1,0.1,DEMO_ACCOUNT,0.1,C:\Users\Leon\Desktop\QUANT\Data_Center\Data\2_Baseline\Trades\Backtest\DEMO_ACCOUNT\OOS\listOfTrades_AUDUSD_60_1.31.145_SELL_M15_OOS.csv,0.1,6.2,62.0,675.8000000000001,0.0,675.8000000000001,6.2,6.2,14985.399999999989
988,AUDUSD,SELL,2025-08-12 03:15:00+00:00,2025-08-12 07:30:40+00:00,0.65172,0.65052,11.5,11.5,1.31.145,DEMO,OOS,0.0,0.1,0.1,DEMO_ACCOUNT,0.1,C:\Users\Leon\Desktop\QUANT\Data_Center\Data\2_Baseline\Trades\Backtest\DEMO_ACCOUNT\OOS\listOfTrades_AUDUSD_60_1.31.145_SELL_M15_OOS.csv,0.1,6.2,62.0,713.0,0.0,713.0,6.2,6.2,15698.399999999989
990,AUDUSD,SELL,2025-08-15 06:45:00+00:00,2025-08-15 23:45:00+00:00,0.65028,0.65098,-7.5,-7.5,1.31.145,DEMO,OOS,0.0,0.1,0.1,DEMO_ACCOUNT,0.1,C:\Users\Leon\Desktop\QUANT\Data_Center\Data\2_Baseline\Trades\Backtest\DEMO_ACCOUNT\OOS\listOfTrades_AUDUSD_60_1.31.145_SELL_M15_OOS.csv,0.1,6.2,62.0,-465.0,0.0,-465.0,6.2,6.2,15233.399999999989
992,AUDUSD,SELL,2025-08-20 15:45:00+00:00,2025-08-20 17:10:40+00:00,0.64458,0.64263,19.0,19.0,1.31.145,DEMO,OOS,0.0,0.1,0.1,DEMO_ACCOUNT,0.1,C:\Users\Leon\Desktop\QUANT\Data_Center\Data\2_Baseline\Trades\Backtest\DEMO_ACCOUNT\OOS\listOfTrades_AUDUSD_60_1.31.145_SELL_M15_OOS.csv,0.1,6.2,62.0,1178.0,0.0,1178.0,6.2,6.2,16411.399999999987
994,AUDUSD,SELL,2025-08-21 12:15:00+00:00,2025-08-21 23:45:00+00:00,0.64279,0.64222,5.2,5.2,1.31.145,DEMO,OOS,0.0,0.1,0.1,DEMO_ACCOUNT,0.1,C:\Users\Leon\Desktop\QUANT\Data_Center\Data\2_Baseline\Trades\Backtest\DEMO_ACCOUNT\OOS\listOfTrades_AUDUSD_60_1.31.145_SELL_M15_OOS.csv,0.1,6.2,62.0,322.40000000000003,0.0,322.40000000000003,6.2,6.2,16733.79999999999
996,AUDUSD,SELL,2025-08-25 09:15:00+00:00,2025-08-25 21:37:40+00:00,0.65016,0.64847,16.4,16.4,1.31.145,DEMO,OOS,0.0,0.1,0.1,DEMO_ACCOUNT,0.1,C:\Users\Leon\Desktop\QUANT\Data_Center\Data\2_Baseline\Trades\Backtest\DEMO_ACCOUNT\OOS\listOfTrades_AUDUSD_60_1.31.145_SELL_M15_OOS.csv,0.1,6.2,62.0,1016.8,0.0,1016.8,6.2,6.2,17750.599999999988
998,AUDUSD,SELL,2025-08-26 03:15:00+00:00,2025-08-26 04:32:40+00:00,0.64927,0.64776,14.6,14.6,1.31.145,DEMO,OOS,0.0,0.1,0.1,DEMO_ACCOUNT,0.1,C:\Users\Leon\Desktop\QUANT\Data_Center\Data\2_Baseline\Trades\Backtest\DEMO_ACCOUNT\OOS\listOfTrades_AUDUSD_60_1.31.145_SELL_M15_OOS.csv,0.1,6.2,62.0,905.1999999999999,0.0,905.1999999999999,6.2,6.2,18655.79999999999
1000,AUDUSD,SELL,2025-08-28 06:15:00+00:00,2025-08-28 08:42:40+00:00,0.6521,0.6506,14.5,14.5,1.31.145,DEMO,OOS,0.0,0.1,0.1,DEMO_ACCOUNT,0.1,C:\Users\Leon\Desktop\QUANT\Data_Center\Data\2_Baseline\Trades\Backtest\DEMO_ACCOUNT\OOS\listOfTrades_AUDUSD_60_1.31.145_SELL_M15_OOS.csv,0.1,6.2,62.0,899.0,0.0,899.0,6.2,6.2,19554.79999999999
1002,AUDUSD,SELL,2025-08-29 04:00:00+00:00,2025-08-29 15:11:40+00:00,0.65355,0.65231,11.9,11.9,1.31.145,DEMO,OOS,0.0,0.1,0.1,DEMO_ACCOUNT,0.1,C:\Users\Leon\Desktop\QUANT\Data_Center\Data\2_Baseline\Trades\Backtest\DEMO_ACCOUNT\OOS\listOfTrades_AUDUSD_60_1.31.145_SELL_M15_OOS.csv,0.1,6.2,62.0,737.8000000000001,0.0,737.8000000000001,6.2,6.2,20292.599999999988
1004,AUDUSD,SELL,2025-09-03 05:00:00+00:00,2025-09-03 08:50:20+00:00,0.65243,0.65085,15.3,15.3,1.31.145,DEMO,OOS,0.0,0.1,0.1,DEMO_ACCOUNT,0.1,C:\Users\Leon\Desktop\QUANT\Data_Center\Data\2_Baseline\Trades\Backtest\DEMO_ACCOUNT\OOS\listOfTrades_AUDUSD_60_1.31.145_SELL_M15_OOS.csv,0.1,6.2,62.0,948.6,0.0,948.6,6.2,6.2,21241.199999999986
1006,AUDUSD,SELL,2025-09-05 03:00:00+00:00,2025-09-05 10:51:40+00:00,0.65219,0.65414,-20.0,-20.0,1.31.145,DEMO,OOS,0.0,0.1,0.1,DEMO_ACCOUNT,0.1,C:\Users\Leon\Desktop\QUANT\Data_Center\Data\2_Baseline\Trades\Backtest\DEMO_ACCOUNT\OOS\listOfTrades_AUDUSD_60_1.31.145_SELL_M15_OOS.csv,0.1,6.2,62.0,-1240.0,0.0,-1240.0,6.2,6.2,20001.199999999986
1008,AUDUSD,SELL,2025-09-08 15:45:00+00:00,2025-09-08 23:45:00+00:00,0.65933,0.65933,-0.5,-0.5,1.31.145,DEMO,OOS,0.0,0.1,0.1,DEMO_ACCOUNT,0.1,C:\Users\Leon\Desktop\QUANT\Data_Center\Data\2_Baseline\Trades\Backtest\DEMO_ACCOUNT\OOS\listOfTrades_AUDUSD_60_1.31.145_SELL_M15_OOS.csv,0.1,6.2,62.0,-31.0,0.0,-31.0,6.2,6.2,19970.199999999986
1010,AUDUSD,SELL,2025-09-09 05:15:00+00:00,2025-09-09 18:03:40+00:00,0.66027,0.65893,12.9,12.9,1.31.145,DEMO,OOS,0.0,0.1,0.1,DEMO_ACCOUNT,0.1,C:\Users\Leon\Desktop\QUANT\Data_Center\Data\2_Baseline\Trades\Backtest\DEMO_ACCOUNT\OOS\listOfTrades_AUDUSD_60_1.31.145_SELL_M15_OOS.csv,0.1,6.2,62.0,799.8000000000001,0.0,799.8000000000001,6.2,6.2,20769.999999999985
1012,AUDUSD,SELL,2025-09-25 02:00:00+00:00,2025-09-25 15:30:40+00:00,0.65854,0.65704,14.5,14.5,1.31.145,DEMO,OOS,0.0,0.1,0.1,DEMO_ACCOUNT,0.1,C:\Users\Leon\Desktop\QUANT\Data_Center\Data\2_Baseline\Trades\Backtest\DEMO_ACCOUNT\OOS\listOfTrades_AUDUSD_60_1.31.145_SELL_M15_OOS.csv,0.1,6.2,62.0,899.0,0.0,899.0,6.2,6.2,21668.999999999985
1014,AUDUSD,SELL,2025-09-26 16:00:00+00:00,2025-09-26 23:45:00+00:00,0.6538,0.65483,-10.8,-10.8,1.31.145,DEMO,OOS,0.0,0.1,0.1,DEMO_ACCOUNT,0.1,C:\Users\Leon\Desktop\QUANT\Data_Center\Data\2_Baseline\Trades\Backtest\DEMO_ACCOUNT\OOS\listOfTrades_AUDUSD_60_1.31.145_SELL_M15_OOS.csv,0.1,6.2,62.0,-669.6,0.0,-669.6,6.2,6.2,20999.399999999987
1016,AUDUSD,SELL,2025-09-29 03:15:00+00:00,2025-09-29 07:40:00+00:00,0.65537,0.65712,-18.0,-18.0,1.31.145,DEMO,OOS,0.0,0.1,0.1,DEMO_ACCOUNT,0.1,C:\Users\Leon\Desktop\QUANT\Data_Center\Data\2_Baseline\Trades\Backtest\DEMO_ACCOUNT\OOS\listOfTrades_AUDUSD_60_1.31.145_SELL_M15_OOS.csv,0.1,6.2,62.0,-1116.0,0.0,-1116.0,6.2,6.2,19883.399999999987
1018,AUDUSD,SELL,2025-10-08 13:30:00+00:00,2025-10-08 23:45:00+00:00,0.65714,0.65874,-16.5,-16.5,1.31.145,DEMO,OOS,0.0,0.1,0.1,DEMO_ACCOUNT,0.1,C:\Users\Leon\Desktop\QUANT\Data_Center\Data\2_Baseline\Trades\Backtest\DEMO_ACCOUNT\OOS\listOfTrades_AUDUSD_60_1.31.145_SELL_M15_OOS.csv,0.1,6.2,62.0,-1023.0,0.0,-1023.0,6.2,6.2,18860.399999999987
1020,AUDUSD,SELL,2025-10-13 00:15:00+00:00,2025-10-13 23:45:00+00:00,0.65065,0.65148,-8.8,-8.8,1.31.145,DEMO,OOS,0.0,0.1,0.1,DEMO_ACCOUNT,0.1,C:\Users\Leon\Desktop\QUANT\Data_Center\Data\2_Baseline\Trades\Backtest\DEMO_ACCOUNT\OOS\listOfTrades_AUDUSD_60_1.31.145_SELL_M15_OOS.csv,0.1,6.2,62.0,-545.6,0.0,-545.6,6.2,6.2,18314.79999999999
1022,AUDUSD,SELL,2025-10-14 17:15:00+00:00,2025-10-14 23:45:00+00:00,0.64716,0.64834,-12.3,-12.3,1.31.145,DEMO,OOS,0.0,0.1,0.1,DEMO_ACCOUNT,0.1,C:\Users\Leon\Desktop\QUANT\Data_Center\Data\2_Baseline\Trades\Backtest\DEMO_ACCOUNT\OOS\listOfTrades_AUDUSD_60_1.31.145_SELL_M15_OOS.csv,0.1,6.2,62.0,-762.6,0.0,-762.6,6.2,6.2,17552.19999999999
1024,AUDUSD,SELL,2025-10-16 09:30:00+00:00,2025-10-16 19:32:40+00:00,0.65027,0.64782,24.0,24.0,1.31.145,DEMO,OOS,0.0,0.1,0.1,DEMO_ACCOUNT,0.1,C:\Users\Leon\Desktop\QUANT\Data_Center\Data\2_Baseline\Trades\Backtest\DEMO_ACCOUNT\OOS\listOfTrades_AUDUSD_60_1.31.145_SELL_M15_OOS.csv,0.1,6.2,62.0,1488.0,0.0,1488.0,6.2,6.2,19040.19999999999
1026,AUDUSD,SELL,2025-10-17 14:15:00+00:00,2025-10-17 23:45:00+00:00,0.64971,0.64956,1.0,1.0,1.31.145,DEMO,OOS,0.0,0.1,0.1,DEMO_ACCOUNT,0.1,C:\Users\Leon\Desktop\QUANT\Data_Center\Data\2_Baseline\Trades\Backtest\DEMO_ACCOUNT\OOS\listOfTrades_AUDUSD_60_1.31.145_SELL_M15_OOS.csv,0.1,6.2,62.0,62.0,0.0,62.0,6.2,6.2,19102.19999999999
1028,AUDUSD,SELL,2025-10-27 09:15:00+00:00,2025-10-27 23:45:00+00:00,0.65426,0.6556,-13.9,-13.9,1.31.145,DEMO,OOS,0.0,0.1,0.1,DEMO_ACCOUNT,0.1,C:\Users\Leon\Desktop\QUANT\Data_Center\Data\2_Baseline\Trades\Backtest\DEMO_ACCOUNT\OOS\listOfTrades_AUDUSD_60_1.31.145_SELL_M15_OOS.csv,0.1,6.2,62.0,-861.8000000000001,0.0,-861.8000000000001,6.2,6.2,18240.39999999999
1030,AUDUSD,SELL,2025-10-28 02:00:00+00:00,2025-10-28 11:39:40+00:00,0.65592,0.65468,11.9,11.9,1.31.145,DEMO,OOS,0.0,0.1,0.1,DEMO_ACCOUNT,0.1,C:\Users\Leon\Desktop\QUANT\Data_Center\Data\2_Baseline\Trades\Backtest\DEMO_ACCOUNT\OOS\listOfTrades_AUDUSD_60_1.31.145_SELL_M15_OOS.csv,0.1,6.2,62.0,737.8000000000001,0.0,737.8000000000001,6.2,6.2,18978.19999999999
1032,AUDUSD,SELL,2025-10-29 03:45:00+00:00,2025-10-29 21:35:40+00:00,0.66012,0.65844,16.3,16.3,1.31.145,DEMO,OOS,0.0,0.1,0.1,DEMO_ACCOUNT,0.1,C:\Users\Leon\Desktop\QUANT\Data_Center\Data\2_Baseline\Trades\Backtest\DEMO_ACCOUNT\OOS\listOfTrades_AUDUSD_60_1.31.145_SELL_M15_OOS.csv,0.1,6.2,62.0,1010.6,0.0,1010.6,6.2,6.2,19988.79999999999
1034,AUDUSD,SELL,2025-10-30 03:30:00+00:00,2025-10-30 14:44:40+00:00,0.65842,0.65595,24.2,24.2,1.31.145,DEMO,OOS,0.0,0.1,0.1,DEMO_ACCOUNT,0.1,C:\Users\Leon\Desktop\QUANT\Data_Center\Data\2_Baseline\Trades\Backtest\DEMO_ACCOUNT\OOS\listOfTrades_AUDUSD_60_1.31.145_SELL_M15_OOS.csv,0.1,6.2,62.0,1500.3999999999999,0.0,1500.3999999999999,6.2,6.2,21489.19999999999
1036,AUDUSD,SELL,2025-10-31 03:00:00+00:00,2025-10-31 08:24:40+00:00,0.65591,0.65432,15.4,15.4,1.31.145,DEMO,OOS,0.0,0.1,0.1,DEMO_ACCOUNT,0.1,C:\Users\Leon\Desktop\QUANT\Data_Center\Data\2_Baseline\Trades\Backtest\DEMO_ACCOUNT\OOS\listOfTrades_AUDUSD_60_1.31.145_SELL_M15_OOS.csv,0.1,6.2,62.0,954.8000000000001,0.0,954.8000000000001,6.2,6.2,22443.99999999999
1038,AUDUSD,SELL,2025-11-05 16:45:00+00:00,2025-11-05 23:45:00+00:00,0.64915,0.65062,-15.2,-15.2,1.31.145,DEMO,OOS,0.0,0.1,0.1,DEMO_ACCOUNT,0.1,C:\Users\Leon\Desktop\QUANT\Data_Center\Data\2_Baseline\Trades\Backtest\DEMO_ACCOUNT\OOS\listOfTrades_AUDUSD_60_1.31.145_SELL_M15_OOS.csv,0.1,6.2,62.0,-942.4,0.0,-942.4,6.2,6.2,21501.599999999988
1040,AUDUSD,SELL,2025-11-10 11:45:00+00:00,2025-11-10 17:42:40+00:00,0.65386,0.65216,16.5,16.5,1.31.145,DEMO,OOS,0.0,0.1,0.1,DEMO_ACCOUNT,0.1,C:\Users\Leon\Desktop\QUANT\Data_Center\Data\2_Baseline\Trades\Backtest\DEMO_ACCOUNT\OOS\listOfTrades_AUDUSD_60_1.31.145_SELL_M15_OOS.csv,0.1,6.2,62.0,1023.0,0.0,1023.0,6.2,6.2,22524.599999999988
1042,AUDUSD,SELL,2025-11-13 02:45:00+00:00,2025-11-13 20:29:40+00:00,0.6556,0.65385,17.0,17.0,1.31.145,DEMO,OOS,0.0,0.1,0.1,DEMO_ACCOUNT,0.1,C:\Users\Leon\Desktop\QUANT\Data_Center\Data\2_Baseline\Trades\Backtest\DEMO_ACCOUNT\OOS\listOfTrades_AUDUSD_60_1.31.145_SELL_M15_OOS.csv,0.1,6.2,62.0,1054.0,0.0,1054.0,6.2,6.2,23578.599999999988
1044,AUDUSD,SELL,2025-11-14 03:15:00+00:00,2025-11-14 10:22:40+00:00,0.65369,0.65189,17.5,17.5,1.31.145,DEMO,OOS,0.0,0.1,0.1,DEMO_ACCOUNT,0.1,C:\Users\Leon\Desktop\QUANT\Data_Center\Data\2_Baseline\Trades\Backtest\DEMO_ACCOUNT\OOS\listOfTrades_AUDUSD_60_1.31.145_SELL_M15_OOS.csv,0.1,6.2,62.0,1085.0,0.0,1085.0,6.2,6.2,24663.599999999988
1046,AUDUSD,SELL,2025-11-18 10:15:00+00:00,2025-11-18 23:45:00+00:00,0.64948,0.65075,-13.2,-13.2,1.31.145,DEMO,OOS,0.0,0.1,0.1,DEMO_ACCOUNT,0.1,C:\Users\Leon\Desktop\QUANT\Data_Center\Data\2_Baseline\Trades\Backtest\DEMO_ACCOUNT\OOS\listOfTrades_AUDUSD_60_1.31.145_SELL_M15_OOS.csv,0.1,6.2,62.0,-818.4,0.0,-818.4,6.2,6.2,23845.199999999986
1048,AUDUSD,SELL,2025-11-20 01:15:00+00:00,2025-11-20 18:37:40+00:00,0.64843,0.64637,20.1,20.1,1.31.145,DEMO,OOS,0.0,0.1,0.1,DEMO_ACCOUNT,0.1,C:\Users\Leon\Desktop\QUANT\Data_Center\Data\2_Baseline\Trades\Backtest\DEMO_ACCOUNT\OOS\listOfTrades_AUDUSD_60_1.31.145_SELL_M15_OOS.csv,0.1,6.2,62.0,1246.2,0.0,1246.2,6.2,6.2,25091.399999999987
1050,AUDUSD,SELL,2025-11-21 19:00:00+00:00,2025-11-21 23:45:00+00:00,0.64552,0.64584,-3.7,-3.7,1.31.145,DEMO,OOS,0.0,0.1,0.1,DEMO_ACCOUNT,0.1,C:\Users\Leon\Desktop\QUANT\Data_Center\Data\2_Baseline\Trades\Backtest\DEMO_ACCOUNT\OOS\listOfTrades_AUDUSD_60_1.31.145_SELL_M15_OOS.csv,0.1,6.2,62.0,-229.4,0.0,-229.4,6.2,6.2,24861.999999999985
1052,AUDUSD,SELL,2025-11-27 01:30:00+00:00,2025-11-27 07:19:40+00:00,0.65204,0.65385,-18.6,-18.6,1.31.145,DEMO,OOS,0.0,0.1,0.1,DEMO_ACCOUNT,0.1,C:\Users\Leon\Desktop\QUANT\Data_Center\Data\2_Baseline\Trades\Backtest\DEMO_ACCOUNT\OOS\listOfTrades_AUDUSD_60_1.31.145_SELL_M15_OOS.csv,0.1,6.2,62.0,-1153.2,0.0,-1153.2,6.2,6.2,23708.799999999985
1054,AUDUSD,SELL,2025-11-28 01:15:00+00:00,2025-11-28 07:39:40+00:00,0.65346,0.65261,8.0,8.0,1.31.145,DEMO,OOS,0.0,0.1,0.1,DEMO_ACCOUNT,0.1,C:\Users\Leon\Desktop\QUANT\Data_Center\Data\2_Baseline\Trades\Backtest\DEMO_ACCOUNT\OOS\listOfTrades_AUDUSD_60_1.31.145_SELL_M15_OOS.csv,0.1,6.2,62.0,496.0,0.0,496.0,6.2,6.2,24204.799999999985
1056,AUDUSD,SELL,2025-12-01 09:45:00+00:00,2025-12-01 23:45:00+00:00,0.65518,0.65422,9.1,9.1,1.31.145,DEMO,OOS,0.0,0.1,0.1,DEMO_ACCOUNT,0.1,C:\Users\Leon\Desktop\QUANT\Data_Center\Data\2_Baseline\Trades\Backtest\DEMO_ACCOUNT\OOS\listOfTrades_AUDUSD_60_1.31.145_SELL_M15_OOS.csv,0.1,6.2,62.0,564.1999999999999,0.0,564.1999999999999,6.2,6.2,24768.999999999985
1058,AUDUSD,SELL,2025-12-05 13:00:00+00:00,2025-12-05 23:45:00+00:00,0.66351,0.66385,-3.9,-3.9,1.31.145,DEMO,OOS,0.0,0.1,0.1,DEMO_ACCOUNT,0.1,C:\Users\Leon\Desktop\QUANT\Data_Center\Data\2_Baseline\Trades\Backtest\DEMO_ACCOUNT\OOS\listOfTrades_AUDUSD_60_1.31.145_SELL_M15_OOS.csv,0.1,6.2,62.0,-241.79999999999998,0.0,-241.79999999999998,6.2,6.2,24527.199999999986
1060,AUDUSD,SELL,2025-12-08 05:00:00+00:00,2025-12-08 13:51:20+00:00,0.6648,0.66325,15.0,15.0,1.31.145,DEMO,OOS,0.0,0.1,0.1,DEMO_ACCOUNT,0.1,C:\Users\Leon\Desktop\QUANT\Data_Center\Data\2_Baseline\Trades\Backtest\DEMO_ACCOUNT\OOS\listOfTrades_AUDUSD_60_1.31.145_SELL_M15_OOS.csv,0.1,6.2,62.0,930.0,0.0,930.0,6.2,6.2,25457.199999999986
1062,AUDUSD,SELL,2025-12-16 10:15:00+00:00,2025-12-16 21:25:40+00:00,0.66427,0.66251,17.1,17.1,1.31.145,DEMO,OOS,0.0,0.1,0.1,DEMO_ACCOUNT,0.1,C:\Users\Leon\Desktop\QUANT\Data_Center\Data\2_Baseline\Trades\Backtest\DEMO_ACCOUNT\OOS\listOfTrades_AUDUSD_60_1.31.145_SELL_M15_OOS.csv,0.1,6.2,62.0,1060.2,0.0,1060.2,6.2,6.2,26517.399999999987
1064,AUDUSD,SELL,2025-12-17 15:00:00+00:00,2025-12-17 17:55:40+00:00,0.66239,0.66073,16.1,16.1,1.31.145,DEMO,OOS,0.0,0.1,0.1,DEMO_ACCOUNT,0.1,C:\Users\Leon\Desktop\QUANT\Data_Center\Data\2_Baseline\Trades\Backtest\DEMO_ACCOUNT\OOS\listOfTrades_AUDUSD_60_1.31.145_SELL_M15_OOS.csv,0.1,6.2,62.0,998.2,0.0,998.2,6.2,6.2,27515.599999999988
1066,AUDUSD,SELL,2025-12-18 07:15:00+00:00,2025-12-18 15:30:40+00:00,0.6605,0.66295,-25.0,-25.0,1.31.145,DEMO,OOS,0.0,0.1,0.1,DEMO_ACCOUNT,0.1,C:\Users\Leon\Desktop\QUANT\Data_Center\Data\2_Baseline\Trades\Backtest\DEMO_ACCOUNT\OOS\listOfTrades_AUDUSD_60_1.31.145_SELL_M15_OOS.csv,0.1,6.2,62.0,-1550.0,0.0,-1550.0,6.2,6.2,25965.599999999988
1068,AUDUSD,SELL,2025-12-22 15:00:00+00:00,2025-12-22 23:45:00+00:00,0.66462,0.66587,-13.0,-13.0,1.31.145,DEMO,OOS,0.0,0.1,0.1,DEMO_ACCOUNT,0.1,C:\Users\Leon\Desktop\QUANT\Data_Center\Data\2_Baseline\Trades\Backtest\DEMO_ACCOUNT\OOS\listOfTrades_AUDUSD_60_1.31.145_SELL_M15_OOS.csv,0.1,6.2,62.0,-806.0,0.0,-806.0,6.2,6.2,25159.599999999988
1070,AUDUSD,SELL,2025-12-23 02:15:00+00:00,2025-12-23 09:48:40+00:00,0.66623,0.66778,-16.0,-16.0,1.31.145,DEMO,OOS,0.0,0.1,0.1,DEMO_ACCOUNT,0.1,C:\Users\Leon\Desktop\QUANT\Data_Center\Data\2_Baseline\Trades\Backtest\DEMO_ACCOUNT\OOS\listOfTrades_AUDUSD_60_1.31.145_SELL_M15_OOS.csv,0.1,6.2,62.0,-992.0,0.0,-992.0,6.2,6.2,24167.599999999988
1072,AUDUSD,SELL,2025-12-24 03:45:00+00:00,2025-12-24 23:45:00+00:00,0.67073,0.6707,-0.2,-0.2,1.31.145,DEMO,OOS,0.0,0.1,0.1,DEMO_ACCOUNT,0.1,C:\Users\Leon\Desktop\QUANT\Data_Center\Data\2_Baseline\Trades\Backtest\DEMO_ACCOUNT\OOS\listOfTrades_AUDUSD_60_1.31.145_SELL_M15_OOS.csv,0.1,6.2,62.0,-12.4,0.0,-12.4,6.2,6.2,24155.199999999986
1074,AUDUSD,SELL,2026-01-02 01:45:00+00:00,2026-01-02 10:13:40+00:00,0.6679,0.67036,-25.1,-25.1,1.31.145,DEMO,OOS,0.0,0.1,0.1,DEMO_ACCOUNT,0.1,C:\Users\Leon\Desktop\QUANT\Data_Center\Data\2_Baseline\Trades\Backtest\DEMO_ACCOUNT\OOS\listOfTrades_AUDUSD_60_1.31.145_SELL_M15_OOS.csv,0.1,6.2,62.0,-1556.2,0.0,-1556.2,6.2,6.2,22598.999999999985
1076,AUDUSD,SELL,2026-01-09 01:00:00+00:00,2026-01-09 09:12:40+00:00,0.67024,0.6688,13.9,13.9,1.31.145,DEMO,OOS,0.0,0.1,0.1,DEMO_ACCOUNT,0.1,C:\Users\Leon\Desktop\QUANT\Data_Center\Data\2_Baseline\Trades\Backtest\DEMO_ACCOUNT\OOS\listOfTrades_AUDUSD_60_1.31.145_SELL_M15_OOS.csv,0.1,6.2,62.0,861.8000000000001,0.0,861.8000000000001,6.2,6.2,23460.799999999985
1078,AUDUSD,SELL,2026-01-20 17:45:00+00:00,2026-01-20 23:45:00+00:00,0.67415,0.67368,4.2,4.2,1.31.145,DEMO,OOS,0.0,0.1,0.1,DEMO_ACCOUNT,0.1,C:\Users\Leon\Desktop\QUANT\Data_Center\Data\2_Baseline\Trades\Backtest\DEMO_ACCOUNT\OOS\listOfTrades_AUDUSD_60_1.31.145_SELL_M15_OOS.csv,0.1,6.2,62.0,260.40000000000003,0.0,260.40000000000003,6.2,6.2,23721.199999999986
1080,AUDUSD,SELL,2026-01-21 14:15:00+00:00,2026-01-21 23:45:00+00:00,0.67597,0.67641,-4.9,-4.9,1.31.145,DEMO,OOS,0.0,0.1,0.1,DEMO_ACCOUNT,0.1,C:\Users\Leon\Desktop\QUANT\Data_Center\Data\2_Baseline\Trades\Backtest\DEMO_ACCOUNT\OOS\listOfTrades_AUDUSD_60_1.31.145_SELL_M15_OOS.csv,0.1,6.2,62.0,-303.8,0.0,-303.8,6.2,6.2,23417.399999999987
1082,AUDUSD,SELL,2026-01-22 02:45:00+00:00,2026-01-22 16:32:40+00:00,0.67849,0.68198,-35.4,-35.4,1.31.145,DEMO,OOS,0.0,0.1,0.1,DEMO_ACCOUNT,0.1,C:\Users\Leon\Desktop\QUANT\Data_Center\Data\2_Baseline\Trades\Backtest\DEMO_ACCOUNT\OOS\listOfTrades_AUDUSD_60_1.31.145_SELL_M15_OOS.csv,0.1,6.2,62.0,-2194.7999999999997,0.0,-2194.7999999999997,6.2,6.2,21222.599999999988
1084,AUDUSD,SELL,2026-01-23 02:45:00+00:00,2026-01-23 14:40:20+00:00,0.68433,0.6859,-16.2,-16.2,1.31.145,DEMO,OOS,0.0,0.1,0.1,DEMO_ACCOUNT,0.1,C:\Users\Leon\Desktop\QUANT\Data_Center\Data\2_Baseline\Trades\Backtest\DEMO_ACCOUNT\OOS\listOfTrades_AUDUSD_60_1.31.145_SELL_M15_OOS.csv,0.1,6.2,62.0,-1004.4,0.0,-1004.4,6.2,6.2,20218.199999999986
1086,AUDUSD,SELL,2026-01-26 00:15:00+00:00,2026-01-26 23:45:00+00:00,0.69176,0.69181,-1.0,-1.0,1.31.145,DEMO,OOS,0.0,0.1,0.1,DEMO_ACCOUNT,0.1,C:\Users\Leon\Desktop\QUANT\Data_Center\Data\2_Baseline\Trades\Backtest\DEMO_ACCOUNT\OOS\listOfTrades_AUDUSD_60_1.31.145_SELL_M15_OOS.csv,0.1,6.2,62.0,-62.0,0.0,-62.0,6.2,6.2,20156.199999999986
1088,AUDUSD,SELL,2026-01-27 04:30:00+00:00,2026-01-27 10:31:40+00:00,0.69234,0.6906,16.9,16.9,1.31.145,DEMO,OOS,0.0,0.1,0.1,DEMO_ACCOUNT,0.1,C:\Users\Leon\Desktop\QUANT\Data_Center\Data\2_Baseline\Trades\Backtest\DEMO_ACCOUNT\OOS\listOfTrades_AUDUSD_60_1.31.145_SELL_M15_OOS.csv,0.1,6.2,62.0,1047.8,0.0,1047.8,6.2,6.2,21203.999999999985
1090,AUDUSD,SELL,2026-01-28 08:15:00+00:00,2026-01-28 23:45:00+00:00,0.70035,0.70398,-36.8,-36.8,1.31.145,DEMO,OOS,0.0,0.1,0.1,DEMO_ACCOUNT,0.1,C:\Users\Leon\Desktop\QUANT\Data_Center\Data\2_Baseline\Trades\Backtest\DEMO_ACCOUNT\OOS\listOfTrades_AUDUSD_60_1.31.145_SELL_M15_OOS.csv,0.1,6.2,62.0,-2281.6,0.0,-2281.6,6.2,6.2,18922.399999999987
1092,AUDUSD,SELL,2026-01-29 05:15:00+00:00,2026-01-29 13:02:40+00:00,0.70647,0.70288,35.4,35.4,1.31.145,DEMO,OOS,0.0,0.1,0.1,DEMO_ACCOUNT,0.1,C:\Users\Leon\Desktop\QUANT\Data_Center\Data\2_Baseline\Trades\Backtest\DEMO_ACCOUNT\OOS\listOfTrades_AUDUSD_60_1.31.145_SELL_M15_OOS.csv,0.1,6.2,62.0,2194.7999999999997,0.0,2194.7999999999997,6.2,6.2,21117.199999999986
1094,AUDUSD,SELL,2026-01-30 14:00:00+00:00,2026-01-30 19:07:40+00:00,0.70224,0.69806,41.3,41.3,1.31.145,DEMO,OOS,0.0,0.1,0.1,DEMO_ACCOUNT,0.1,C:\Users\Leon\Desktop\QUANT\Data_Center\Data\2_Baseline\Trades\Backtest\DEMO_ACCOUNT\OOS\listOfTrades_AUDUSD_60_1.31.145_SELL_M15_OOS.csv,0.1,6.2,62.0,2560.6,0.0,2560.6,6.2,6.2,23677.799999999985
1096,AUDUSD,SELL,2026-02-03 02:30:00+00:00,2026-02-03 05:33:40+00:00,0.69661,0.7001,-35.4,-35.4,1.31.145,DEMO,OOS,0.0,0.1,0.1,DEMO_ACCOUNT,0.1,C:\Users\Leon\Desktop\QUANT\Data_Center\Data\2_Baseline\Trades\Backtest\DEMO_ACCOUNT\OOS\listOfTrades_AUDUSD_60_1.31.145_SELL_M15_OOS.csv,0.1,6.2,62.0,-2194.7999999999997,0.0,-2194.7999999999997,6.2,6.2,21482.999999999985
1098,AUDUSD,SELL,2026-02-06 08:15:00+00:00,2026-02-06 16:33:40+00:00,0.69609,0.70019,-41.5,-41.5,1.31.145,DEMO,OOS,0.0,0.1,0.1,DEMO_ACCOUNT,0.1,C:\Users\Leon\Desktop\QUANT\Data_Center\Data\2_Baseline\Trades\Backtest\DEMO_ACCOUNT\OOS\listOfTrades_AUDUSD_60_1.31.145_SELL_M15_OOS.csv,0.1,6.2,62.0,-2573.0,0.0,-2573.0,6.2,6.2,18909.999999999985
1100,AUDUSD,SELL,2026-02-09 01:15:00+00:00,2026-02-09 15:27:40+00:00,0.70256,0.70601,-35.0,-35.0,1.31.145,DEMO,OOS,0.0,0.1,0.1,DEMO_ACCOUNT,0.1,C:\Users\Leon\Desktop\QUANT\Data_Center\Data\2_Baseline\Trades\Backtest\DEMO_ACCOUNT\OOS\listOfTrades_AUDUSD_60_1.31.145_SELL_M15_OOS.csv,0.1,6.2,62.0,-2170.0,0.0,-2170.0,6.2,6.2,16739.999999999985
1102,AUDUSD,SELL,2026-02-10 11:30:00+00:00,2026-02-10 23:45:00+00:00,0.70803,0.70736,6.2,6.2,1.31.145,DEMO,OOS,0.0,0.1,0.1,DEMO_ACCOUNT,0.1,C:\Users\Leon\Desktop\QUANT\Data_Center\Data\2_Baseline\Trades\Backtest\DEMO_ACCOUNT\OOS\listOfTrades_AUDUSD_60_1.31.145_SELL_M15_OOS.csv,0.1,6.2,62.0,384.40000000000003,0.0,384.40000000000003,6.2,6.2,17124.399999999987
1104,AUDUSD,SELL,2026-02-11 12:45:00+00:00,2026-02-11 15:30:40+00:00,0.71224,0.70984,23.5,23.5,1.31.145,DEMO,OOS,0.0,0.1,0.1,DEMO_ACCOUNT,0.1,C:\Users\Leon\Desktop\QUANT\Data_Center\Data\2_Baseline\Trades\Backtest\DEMO_ACCOUNT\OOS\listOfTrades_AUDUSD_60_1.31.145_SELL_M15_OOS.csv,0.1,6.2,62.0,1457.0,0.0,1457.0,6.2,6.2,18581.399999999987
1106,AUDUSD,SELL,2026-02-17 20:30:00+00:00,2026-02-17 23:45:00+00:00,0.70779,0.70863,-8.9,-8.9,1.31.145,DEMO,OOS,0.0,0.1,0.1,DEMO_ACCOUNT,0.1,C:\Users\Leon\Desktop\QUANT\Data_Center\Data\2_Baseline\Trades\Backtest\DEMO_ACCOUNT\OOS\listOfTrades_AUDUSD_60_1.31.145_SELL_M15_OOS.csv,0.1,6.2,62.0,-551.8000000000001,0.0,-551.8000000000001,6.2,6.2,18029.599999999988
1108,AUDUSD,SELL,2026-02-26 02:45:00+00:00,2026-02-26 14:02:40+00:00,0.71251,0.71092,15.4,15.4,1.31.145,DEMO,OOS,0.0,0.1,0.1,DEMO_ACCOUNT,0.1,C:\Users\Leon\Desktop\QUANT\Data_Center\Data\2_Baseline\Trades\Backtest\DEMO_ACCOUNT\OOS\listOfTrades_AUDUSD_60_1.31.145_SELL_M15_OOS.csv,0.1,6.2,62.0,954.8000000000001,0.0,954.8000000000001,6.2,6.2,18984.399999999987
1110,AUDUSD,SELL,2026-03-10 09:15:00+00:00,2026-03-10 17:42:40+00:00,0.70864,0.71326,-46.7,-46.7,1.31.145,DEMO,OOS,0.0,0.1,0.1,DEMO_ACCOUNT,0.1,C:\Users\Leon\Desktop\QUANT\Data_Center\Data\2_Baseline\Trades\Backtest\DEMO_ACCOUNT\OOS\listOfTrades_AUDUSD_60_1.31.145_SELL_M15_OOS.csv,0.1,6.2,62.0,-2895.4,0.0,-2895.4,6.2,6.2,16088.999999999987
1112,AUDUSD,SELL,2026-03-11 03:30:00+00:00,2026-03-11 05:51:40+00:00,0.71337,0.71746,-41.4,-41.4,1.31.145,DEMO,OOS,0.0,0.1,0.1,DEMO_ACCOUNT,0.1,C:\Users\Leon\Desktop\QUANT\Data_Center\Data\2_Baseline\Trades\Backtest\DEMO_ACCOUNT\OOS\listOfTrades_AUDUSD_60_1.31.145_SELL_M15_OOS.csv,0.1,6.2,62.0,-2566.7999999999997,0.0,-2566.7999999999997,6.2,6.2,13522.199999999988
